/*--------------------------------*- C++ -*----------------------------------*\
| =========                 |                                                 |
| \\      /  F ield         | OpenFOAM: The Open Source CFD Toolbox           |
|  \\    /   O peration     | Version:  2412                                  |
|   \\  /    A nd           | Website:  www.openfoam.com                      |
|    \\/     M anipulation  |                                                 |
\*---------------------------------------------------------------------------*/
FoamFile
{
    version     2.0;
    format      ascii;
    arch        "LSB;label=32;scalar=64";
    class       vectorField;
    location    "constant/polyMesh";
    object      points;
}
// * * * * * * * * * * * * * * * * * * * * * * * * * * * * * * * * * * * * * //


4851
(
(-100 0 -100)
(-90 0 -100)
(-80 0 -100)
(-70 0 -100)
(-60 0 -100)
(-50 0 -100)
(-40 0 -100)
(-30 0 -100)
(-20 0 -100)
(-10 0 -100)
(0 0 -100)
(10 0 -100)
(20 0 -100)
(30 0 -100)
(40 0 -100)
(50 0 -100)
(60 0 -100)
(70 0 -100)
(80 0 -100)
(90 0 -100)
(100 0 -100)
(-100 5 -100)
(-90 5 -100)
(-80 5 -100)
(-70 5 -100)
(-60 5 -100)
(-50 5 -100)
(-40 5 -100)
(-30 5 -100)
(-20 5 -100)
(-10 5 -100)
(0 5 -100)
(10 5 -100)
(20 5 -100)
(30 5 -100)
(40 5 -100)
(50 5 -100)
(60 5 -100)
(70 5 -100)
(80 5 -100)
(90 5 -100)
(100 5 -100)
(-100 10 -100)
(-90 10 -100)
(-80 10 -100)
(-70 10 -100)
(-60 10 -100)
(-50 10 -100)
(-40 10 -100)
(-30 10 -100)
(-20 10 -100)
(-10 10 -100)
(0 10 -100)
(10 10 -100)
(20 10 -100)
(30 10 -100)
(40 10 -100)
(50 10 -100)
(60 10 -100)
(70 10 -100)
(80 10 -100)
(90 10 -100)
(100 10 -100)
(-100 15 -100)
(-90 15 -100)
(-80 15 -100)
(-70 15 -100)
(-60 15 -100)
(-50 15 -100)
(-40 15 -100)
(-30 15 -100)
(-20 15 -100)
(-10 15 -100)
(0 15 -100)
(10 15 -100)
(20 15 -100)
(30 15 -100)
(40 15 -100)
(50 15 -100)
(60 15 -100)
(70 15 -100)
(80 15 -100)
(90 15 -100)
(100 15 -100)
(-100 20 -100)
(-90 20 -100)
(-80 20 -100)
(-70 20 -100)
(-60 20 -100)
(-50 20 -100)
(-40 20 -100)
(-30 20 -100)
(-20 20 -100)
(-10 20 -100)
(0 20 -100)
(10 20 -100)
(20 20 -100)
(30 20 -100)
(40 20 -100)
(50 20 -100)
(60 20 -100)
(70 20 -100)
(80 20 -100)
(90 20 -100)
(100 20 -100)
(-100 25 -100)
(-90 25 -100)
(-80 25 -100)
(-70 25 -100)
(-60 25 -100)
(-50 25 -100)
(-40 25 -100)
(-30 25 -100)
(-20 25 -100)
(-10 25 -100)
(0 25 -100)
(10 25 -100)
(20 25 -100)
(30 25 -100)
(40 25 -100)
(50 25 -100)
(60 25 -100)
(70 25 -100)
(80 25 -100)
(90 25 -100)
(100 25 -100)
(-100 30 -100)
(-90 30 -100)
(-80 30 -100)
(-70 30 -100)
(-60 30 -100)
(-50 30 -100)
(-40 30 -100)
(-30 30 -100)
(-20 30 -100)
(-10 30 -100)
(0 30 -100)
(10 30 -100)
(20 30 -100)
(30 30 -100)
(40 30 -100)
(50 30 -100)
(60 30 -100)
(70 30 -100)
(80 30 -100)
(90 30 -100)
(100 30 -100)
(-100 35 -100)
(-90 35 -100)
(-80 35 -100)
(-70 35 -100)
(-60 35 -100)
(-50 35 -100)
(-40 35 -100)
(-30 35 -100)
(-20 35 -100)
(-10 35 -100)
(0 35 -100)
(10 35 -100)
(20 35 -100)
(30 35 -100)
(40 35 -100)
(50 35 -100)
(60 35 -100)
(70 35 -100)
(80 35 -100)
(90 35 -100)
(100 35 -100)
(-100 40 -100)
(-90 40 -100)
(-80 40 -100)
(-70 40 -100)
(-60 40 -100)
(-50 40 -100)
(-40 40 -100)
(-30 40 -100)
(-20 40 -100)
(-10 40 -100)
(0 40 -100)
(10 40 -100)
(20 40 -100)
(30 40 -100)
(40 40 -100)
(50 40 -100)
(60 40 -100)
(70 40 -100)
(80 40 -100)
(90 40 -100)
(100 40 -100)
(-100 45 -100)
(-90 45 -100)
(-80 45 -100)
(-70 45 -100)
(-60 45 -100)
(-50 45 -100)
(-40 45 -100)
(-30 45 -100)
(-20 45 -100)
(-10 45 -100)
(0 45 -100)
(10 45 -100)
(20 45 -100)
(30 45 -100)
(40 45 -100)
(50 45 -100)
(60 45 -100)
(70 45 -100)
(80 45 -100)
(90 45 -100)
(100 45 -100)
(-100 50 -100)
(-90 50 -100)
(-80 50 -100)
(-70 50 -100)
(-60 50 -100)
(-50 50 -100)
(-40 50 -100)
(-30 50 -100)
(-20 50 -100)
(-10 50 -100)
(0 50 -100)
(10 50 -100)
(20 50 -100)
(30 50 -100)
(40 50 -100)
(50 50 -100)
(60 50 -100)
(70 50 -100)
(80 50 -100)
(90 50 -100)
(100 50 -100)
(-100 0 -90)
(-90 0 -90)
(-80 0 -90)
(-70 0 -90)
(-60 0 -90)
(-50 0 -90)
(-40 0 -90)
(-30 0 -90)
(-20 0 -90)
(-10 0 -90)
(0 0 -90)
(10 0 -90)
(20 0 -90)
(30 0 -90)
(40 0 -90)
(50 0 -90)
(60 0 -90)
(70 0 -90)
(80 0 -90)
(90 0 -90)
(100 0 -90)
(-100 5 -90)
(-90 5 -90)
(-80 5 -90)
(-70 5 -90)
(-60 5 -90)
(-50 5 -90)
(-40 5 -90)
(-30 5 -90)
(-20 5 -90)
(-10 5 -90)
(0 5 -90)
(10 5 -90)
(20 5 -90)
(30 5 -90)
(40 5 -90)
(50 5 -90)
(60 5 -90)
(70 5 -90)
(80 5 -90)
(90 5 -90)
(100 5 -90)
(-100 10 -90)
(-90 10 -90)
(-80 10 -90)
(-70 10 -90)
(-60 10 -90)
(-50 10 -90)
(-40 10 -90)
(-30 10 -90)
(-20 10 -90)
(-10 10 -90)
(0 10 -90)
(10 10 -90)
(20 10 -90)
(30 10 -90)
(40 10 -90)
(50 10 -90)
(60 10 -90)
(70 10 -90)
(80 10 -90)
(90 10 -90)
(100 10 -90)
(-100 15 -90)
(-90 15 -90)
(-80 15 -90)
(-70 15 -90)
(-60 15 -90)
(-50 15 -90)
(-40 15 -90)
(-30 15 -90)
(-20 15 -90)
(-10 15 -90)
(0 15 -90)
(10 15 -90)
(20 15 -90)
(30 15 -90)
(40 15 -90)
(50 15 -90)
(60 15 -90)
(70 15 -90)
(80 15 -90)
(90 15 -90)
(100 15 -90)
(-100 20 -90)
(-90 20 -90)
(-80 20 -90)
(-70 20 -90)
(-60 20 -90)
(-50 20 -90)
(-40 20 -90)
(-30 20 -90)
(-20 20 -90)
(-10 20 -90)
(0 20 -90)
(10 20 -90)
(20 20 -90)
(30 20 -90)
(40 20 -90)
(50 20 -90)
(60 20 -90)
(70 20 -90)
(80 20 -90)
(90 20 -90)
(100 20 -90)
(-100 25 -90)
(-90 25 -90)
(-80 25 -90)
(-70 25 -90)
(-60 25 -90)
(-50 25 -90)
(-40 25 -90)
(-30 25 -90)
(-20 25 -90)
(-10 25 -90)
(0 25 -90)
(10 25 -90)
(20 25 -90)
(30 25 -90)
(40 25 -90)
(50 25 -90)
(60 25 -90)
(70 25 -90)
(80 25 -90)
(90 25 -90)
(100 25 -90)
(-100 30 -90)
(-90 30 -90)
(-80 30 -90)
(-70 30 -90)
(-60 30 -90)
(-50 30 -90)
(-40 30 -90)
(-30 30 -90)
(-20 30 -90)
(-10 30 -90)
(0 30 -90)
(10 30 -90)
(20 30 -90)
(30 30 -90)
(40 30 -90)
(50 30 -90)
(60 30 -90)
(70 30 -90)
(80 30 -90)
(90 30 -90)
(100 30 -90)
(-100 35 -90)
(-90 35 -90)
(-80 35 -90)
(-70 35 -90)
(-60 35 -90)
(-50 35 -90)
(-40 35 -90)
(-30 35 -90)
(-20 35 -90)
(-10 35 -90)
(0 35 -90)
(10 35 -90)
(20 35 -90)
(30 35 -90)
(40 35 -90)
(50 35 -90)
(60 35 -90)
(70 35 -90)
(80 35 -90)
(90 35 -90)
(100 35 -90)
(-100 40 -90)
(-90 40 -90)
(-80 40 -90)
(-70 40 -90)
(-60 40 -90)
(-50 40 -90)
(-40 40 -90)
(-30 40 -90)
(-20 40 -90)
(-10 40 -90)
(0 40 -90)
(10 40 -90)
(20 40 -90)
(30 40 -90)
(40 40 -90)
(50 40 -90)
(60 40 -90)
(70 40 -90)
(80 40 -90)
(90 40 -90)
(100 40 -90)
(-100 45 -90)
(-90 45 -90)
(-80 45 -90)
(-70 45 -90)
(-60 45 -90)
(-50 45 -90)
(-40 45 -90)
(-30 45 -90)
(-20 45 -90)
(-10 45 -90)
(0 45 -90)
(10 45 -90)
(20 45 -90)
(30 45 -90)
(40 45 -90)
(50 45 -90)
(60 45 -90)
(70 45 -90)
(80 45 -90)
(90 45 -90)
(100 45 -90)
(-100 50 -90)
(-90 50 -90)
(-80 50 -90)
(-70 50 -90)
(-60 50 -90)
(-50 50 -90)
(-40 50 -90)
(-30 50 -90)
(-20 50 -90)
(-10 50 -90)
(0 50 -90)
(10 50 -90)
(20 50 -90)
(30 50 -90)
(40 50 -90)
(50 50 -90)
(60 50 -90)
(70 50 -90)
(80 50 -90)
(90 50 -90)
(100 50 -90)
(-100 0 -80)
(-90 0 -80)
(-80 0 -80)
(-70 0 -80)
(-60 0 -80)
(-50 0 -80)
(-40 0 -80)
(-30 0 -80)
(-20 0 -80)
(-10 0 -80)
(0 0 -80)
(10 0 -80)
(20 0 -80)
(30 0 -80)
(40 0 -80)
(50 0 -80)
(60 0 -80)
(70 0 -80)
(80 0 -80)
(90 0 -80)
(100 0 -80)
(-100 5 -80)
(-90 5 -80)
(-80 5 -80)
(-70 5 -80)
(-60 5 -80)
(-50 5 -80)
(-40 5 -80)
(-30 5 -80)
(-20 5 -80)
(-10 5 -80)
(0 5 -80)
(10 5 -80)
(20 5 -80)
(30 5 -80)
(40 5 -80)
(50 5 -80)
(60 5 -80)
(70 5 -80)
(80 5 -80)
(90 5 -80)
(100 5 -80)
(-100 10 -80)
(-90 10 -80)
(-80 10 -80)
(-70 10 -80)
(-60 10 -80)
(-50 10 -80)
(-40 10 -80)
(-30 10 -80)
(-20 10 -80)
(-10 10 -80)
(0 10 -80)
(10 10 -80)
(20 10 -80)
(30 10 -80)
(40 10 -80)
(50 10 -80)
(60 10 -80)
(70 10 -80)
(80 10 -80)
(90 10 -80)
(100 10 -80)
(-100 15 -80)
(-90 15 -80)
(-80 15 -80)
(-70 15 -80)
(-60 15 -80)
(-50 15 -80)
(-40 15 -80)
(-30 15 -80)
(-20 15 -80)
(-10 15 -80)
(0 15 -80)
(10 15 -80)
(20 15 -80)
(30 15 -80)
(40 15 -80)
(50 15 -80)
(60 15 -80)
(70 15 -80)
(80 15 -80)
(90 15 -80)
(100 15 -80)
(-100 20 -80)
(-90 20 -80)
(-80 20 -80)
(-70 20 -80)
(-60 20 -80)
(-50 20 -80)
(-40 20 -80)
(-30 20 -80)
(-20 20 -80)
(-10 20 -80)
(0 20 -80)
(10 20 -80)
(20 20 -80)
(30 20 -80)
(40 20 -80)
(50 20 -80)
(60 20 -80)
(70 20 -80)
(80 20 -80)
(90 20 -80)
(100 20 -80)
(-100 25 -80)
(-90 25 -80)
(-80 25 -80)
(-70 25 -80)
(-60 25 -80)
(-50 25 -80)
(-40 25 -80)
(-30 25 -80)
(-20 25 -80)
(-10 25 -80)
(0 25 -80)
(10 25 -80)
(20 25 -80)
(30 25 -80)
(40 25 -80)
(50 25 -80)
(60 25 -80)
(70 25 -80)
(80 25 -80)
(90 25 -80)
(100 25 -80)
(-100 30 -80)
(-90 30 -80)
(-80 30 -80)
(-70 30 -80)
(-60 30 -80)
(-50 30 -80)
(-40 30 -80)
(-30 30 -80)
(-20 30 -80)
(-10 30 -80)
(0 30 -80)
(10 30 -80)
(20 30 -80)
(30 30 -80)
(40 30 -80)
(50 30 -80)
(60 30 -80)
(70 30 -80)
(80 30 -80)
(90 30 -80)
(100 30 -80)
(-100 35 -80)
(-90 35 -80)
(-80 35 -80)
(-70 35 -80)
(-60 35 -80)
(-50 35 -80)
(-40 35 -80)
(-30 35 -80)
(-20 35 -80)
(-10 35 -80)
(0 35 -80)
(10 35 -80)
(20 35 -80)
(30 35 -80)
(40 35 -80)
(50 35 -80)
(60 35 -80)
(70 35 -80)
(80 35 -80)
(90 35 -80)
(100 35 -80)
(-100 40 -80)
(-90 40 -80)
(-80 40 -80)
(-70 40 -80)
(-60 40 -80)
(-50 40 -80)
(-40 40 -80)
(-30 40 -80)
(-20 40 -80)
(-10 40 -80)
(0 40 -80)
(10 40 -80)
(20 40 -80)
(30 40 -80)
(40 40 -80)
(50 40 -80)
(60 40 -80)
(70 40 -80)
(80 40 -80)
(90 40 -80)
(100 40 -80)
(-100 45 -80)
(-90 45 -80)
(-80 45 -80)
(-70 45 -80)
(-60 45 -80)
(-50 45 -80)
(-40 45 -80)
(-30 45 -80)
(-20 45 -80)
(-10 45 -80)
(0 45 -80)
(10 45 -80)
(20 45 -80)
(30 45 -80)
(40 45 -80)
(50 45 -80)
(60 45 -80)
(70 45 -80)
(80 45 -80)
(90 45 -80)
(100 45 -80)
(-100 50 -80)
(-90 50 -80)
(-80 50 -80)
(-70 50 -80)
(-60 50 -80)
(-50 50 -80)
(-40 50 -80)
(-30 50 -80)
(-20 50 -80)
(-10 50 -80)
(0 50 -80)
(10 50 -80)
(20 50 -80)
(30 50 -80)
(40 50 -80)
(50 50 -80)
(60 50 -80)
(70 50 -80)
(80 50 -80)
(90 50 -80)
(100 50 -80)
(-100 0 -70)
(-90 0 -70)
(-80 0 -70)
(-70 0 -70)
(-60 0 -70)
(-50 0 -70)
(-40 0 -70)
(-30 0 -70)
(-20 0 -70)
(-10 0 -70)
(0 0 -70)
(10 0 -70)
(20 0 -70)
(30 0 -70)
(40 0 -70)
(50 0 -70)
(60 0 -70)
(70 0 -70)
(80 0 -70)
(90 0 -70)
(100 0 -70)
(-100 5 -70)
(-90 5 -70)
(-80 5 -70)
(-70 5 -70)
(-60 5 -70)
(-50 5 -70)
(-40 5 -70)
(-30 5 -70)
(-20 5 -70)
(-10 5 -70)
(0 5 -70)
(10 5 -70)
(20 5 -70)
(30 5 -70)
(40 5 -70)
(50 5 -70)
(60 5 -70)
(70 5 -70)
(80 5 -70)
(90 5 -70)
(100 5 -70)
(-100 10 -70)
(-90 10 -70)
(-80 10 -70)
(-70 10 -70)
(-60 10 -70)
(-50 10 -70)
(-40 10 -70)
(-30 10 -70)
(-20 10 -70)
(-10 10 -70)
(0 10 -70)
(10 10 -70)
(20 10 -70)
(30 10 -70)
(40 10 -70)
(50 10 -70)
(60 10 -70)
(70 10 -70)
(80 10 -70)
(90 10 -70)
(100 10 -70)
(-100 15 -70)
(-90 15 -70)
(-80 15 -70)
(-70 15 -70)
(-60 15 -70)
(-50 15 -70)
(-40 15 -70)
(-30 15 -70)
(-20 15 -70)
(-10 15 -70)
(0 15 -70)
(10 15 -70)
(20 15 -70)
(30 15 -70)
(40 15 -70)
(50 15 -70)
(60 15 -70)
(70 15 -70)
(80 15 -70)
(90 15 -70)
(100 15 -70)
(-100 20 -70)
(-90 20 -70)
(-80 20 -70)
(-70 20 -70)
(-60 20 -70)
(-50 20 -70)
(-40 20 -70)
(-30 20 -70)
(-20 20 -70)
(-10 20 -70)
(0 20 -70)
(10 20 -70)
(20 20 -70)
(30 20 -70)
(40 20 -70)
(50 20 -70)
(60 20 -70)
(70 20 -70)
(80 20 -70)
(90 20 -70)
(100 20 -70)
(-100 25 -70)
(-90 25 -70)
(-80 25 -70)
(-70 25 -70)
(-60 25 -70)
(-50 25 -70)
(-40 25 -70)
(-30 25 -70)
(-20 25 -70)
(-10 25 -70)
(0 25 -70)
(10 25 -70)
(20 25 -70)
(30 25 -70)
(40 25 -70)
(50 25 -70)
(60 25 -70)
(70 25 -70)
(80 25 -70)
(90 25 -70)
(100 25 -70)
(-100 30 -70)
(-90 30 -70)
(-80 30 -70)
(-70 30 -70)
(-60 30 -70)
(-50 30 -70)
(-40 30 -70)
(-30 30 -70)
(-20 30 -70)
(-10 30 -70)
(0 30 -70)
(10 30 -70)
(20 30 -70)
(30 30 -70)
(40 30 -70)
(50 30 -70)
(60 30 -70)
(70 30 -70)
(80 30 -70)
(90 30 -70)
(100 30 -70)
(-100 35 -70)
(-90 35 -70)
(-80 35 -70)
(-70 35 -70)
(-60 35 -70)
(-50 35 -70)
(-40 35 -70)
(-30 35 -70)
(-20 35 -70)
(-10 35 -70)
(0 35 -70)
(10 35 -70)
(20 35 -70)
(30 35 -70)
(40 35 -70)
(50 35 -70)
(60 35 -70)
(70 35 -70)
(80 35 -70)
(90 35 -70)
(100 35 -70)
(-100 40 -70)
(-90 40 -70)
(-80 40 -70)
(-70 40 -70)
(-60 40 -70)
(-50 40 -70)
(-40 40 -70)
(-30 40 -70)
(-20 40 -70)
(-10 40 -70)
(0 40 -70)
(10 40 -70)
(20 40 -70)
(30 40 -70)
(40 40 -70)
(50 40 -70)
(60 40 -70)
(70 40 -70)
(80 40 -70)
(90 40 -70)
(100 40 -70)
(-100 45 -70)
(-90 45 -70)
(-80 45 -70)
(-70 45 -70)
(-60 45 -70)
(-50 45 -70)
(-40 45 -70)
(-30 45 -70)
(-20 45 -70)
(-10 45 -70)
(0 45 -70)
(10 45 -70)
(20 45 -70)
(30 45 -70)
(40 45 -70)
(50 45 -70)
(60 45 -70)
(70 45 -70)
(80 45 -70)
(90 45 -70)
(100 45 -70)
(-100 50 -70)
(-90 50 -70)
(-80 50 -70)
(-70 50 -70)
(-60 50 -70)
(-50 50 -70)
(-40 50 -70)
(-30 50 -70)
(-20 50 -70)
(-10 50 -70)
(0 50 -70)
(10 50 -70)
(20 50 -70)
(30 50 -70)
(40 50 -70)
(50 50 -70)
(60 50 -70)
(70 50 -70)
(80 50 -70)
(90 50 -70)
(100 50 -70)
(-100 0 -60)
(-90 0 -60)
(-80 0 -60)
(-70 0 -60)
(-60 0 -60)
(-50 0 -60)
(-40 0 -60)
(-30 0 -60)
(-20 0 -60)
(-10 0 -60)
(0 0 -60)
(10 0 -60)
(20 0 -60)
(30 0 -60)
(40 0 -60)
(50 0 -60)
(60 0 -60)
(70 0 -60)
(80 0 -60)
(90 0 -60)
(100 0 -60)
(-100 5 -60)
(-90 5 -60)
(-80 5 -60)
(-70 5 -60)
(-60 5 -60)
(-50 5 -60)
(-40 5 -60)
(-30 5 -60)
(-20 5 -60)
(-10 5 -60)
(0 5 -60)
(10 5 -60)
(20 5 -60)
(30 5 -60)
(40 5 -60)
(50 5 -60)
(60 5 -60)
(70 5 -60)
(80 5 -60)
(90 5 -60)
(100 5 -60)
(-100 10 -60)
(-90 10 -60)
(-80 10 -60)
(-70 10 -60)
(-60 10 -60)
(-50 10 -60)
(-40 10 -60)
(-30 10 -60)
(-20 10 -60)
(-10 10 -60)
(0 10 -60)
(10 10 -60)
(20 10 -60)
(30 10 -60)
(40 10 -60)
(50 10 -60)
(60 10 -60)
(70 10 -60)
(80 10 -60)
(90 10 -60)
(100 10 -60)
(-100 15 -60)
(-90 15 -60)
(-80 15 -60)
(-70 15 -60)
(-60 15 -60)
(-50 15 -60)
(-40 15 -60)
(-30 15 -60)
(-20 15 -60)
(-10 15 -60)
(0 15 -60)
(10 15 -60)
(20 15 -60)
(30 15 -60)
(40 15 -60)
(50 15 -60)
(60 15 -60)
(70 15 -60)
(80 15 -60)
(90 15 -60)
(100 15 -60)
(-100 20 -60)
(-90 20 -60)
(-80 20 -60)
(-70 20 -60)
(-60 20 -60)
(-50 20 -60)
(-40 20 -60)
(-30 20 -60)
(-20 20 -60)
(-10 20 -60)
(0 20 -60)
(10 20 -60)
(20 20 -60)
(30 20 -60)
(40 20 -60)
(50 20 -60)
(60 20 -60)
(70 20 -60)
(80 20 -60)
(90 20 -60)
(100 20 -60)
(-100 25 -60)
(-90 25 -60)
(-80 25 -60)
(-70 25 -60)
(-60 25 -60)
(-50 25 -60)
(-40 25 -60)
(-30 25 -60)
(-20 25 -60)
(-10 25 -60)
(0 25 -60)
(10 25 -60)
(20 25 -60)
(30 25 -60)
(40 25 -60)
(50 25 -60)
(60 25 -60)
(70 25 -60)
(80 25 -60)
(90 25 -60)
(100 25 -60)
(-100 30 -60)
(-90 30 -60)
(-80 30 -60)
(-70 30 -60)
(-60 30 -60)
(-50 30 -60)
(-40 30 -60)
(-30 30 -60)
(-20 30 -60)
(-10 30 -60)
(0 30 -60)
(10 30 -60)
(20 30 -60)
(30 30 -60)
(40 30 -60)
(50 30 -60)
(60 30 -60)
(70 30 -60)
(80 30 -60)
(90 30 -60)
(100 30 -60)
(-100 35 -60)
(-90 35 -60)
(-80 35 -60)
(-70 35 -60)
(-60 35 -60)
(-50 35 -60)
(-40 35 -60)
(-30 35 -60)
(-20 35 -60)
(-10 35 -60)
(0 35 -60)
(10 35 -60)
(20 35 -60)
(30 35 -60)
(40 35 -60)
(50 35 -60)
(60 35 -60)
(70 35 -60)
(80 35 -60)
(90 35 -60)
(100 35 -60)
(-100 40 -60)
(-90 40 -60)
(-80 40 -60)
(-70 40 -60)
(-60 40 -60)
(-50 40 -60)
(-40 40 -60)
(-30 40 -60)
(-20 40 -60)
(-10 40 -60)
(0 40 -60)
(10 40 -60)
(20 40 -60)
(30 40 -60)
(40 40 -60)
(50 40 -60)
(60 40 -60)
(70 40 -60)
(80 40 -60)
(90 40 -60)
(100 40 -60)
(-100 45 -60)
(-90 45 -60)
(-80 45 -60)
(-70 45 -60)
(-60 45 -60)
(-50 45 -60)
(-40 45 -60)
(-30 45 -60)
(-20 45 -60)
(-10 45 -60)
(0 45 -60)
(10 45 -60)
(20 45 -60)
(30 45 -60)
(40 45 -60)
(50 45 -60)
(60 45 -60)
(70 45 -60)
(80 45 -60)
(90 45 -60)
(100 45 -60)
(-100 50 -60)
(-90 50 -60)
(-80 50 -60)
(-70 50 -60)
(-60 50 -60)
(-50 50 -60)
(-40 50 -60)
(-30 50 -60)
(-20 50 -60)
(-10 50 -60)
(0 50 -60)
(10 50 -60)
(20 50 -60)
(30 50 -60)
(40 50 -60)
(50 50 -60)
(60 50 -60)
(70 50 -60)
(80 50 -60)
(90 50 -60)
(100 50 -60)
(-100 0 -50)
(-90 0 -50)
(-80 0 -50)
(-70 0 -50)
(-60 0 -50)
(-50 0 -50)
(-40 0 -50)
(-30 0 -50)
(-20 0 -50)
(-10 0 -50)
(0 0 -50)
(10 0 -50)
(20 0 -50)
(30 0 -50)
(40 0 -50)
(50 0 -50)
(60 0 -50)
(70 0 -50)
(80 0 -50)
(90 0 -50)
(100 0 -50)
(-100 5 -50)
(-90 5 -50)
(-80 5 -50)
(-70 5 -50)
(-60 5 -50)
(-50 5 -50)
(-40 5 -50)
(-30 5 -50)
(-20 5 -50)
(-10 5 -50)
(0 5 -50)
(10 5 -50)
(20 5 -50)
(30 5 -50)
(40 5 -50)
(50 5 -50)
(60 5 -50)
(70 5 -50)
(80 5 -50)
(90 5 -50)
(100 5 -50)
(-100 10 -50)
(-90 10 -50)
(-80 10 -50)
(-70 10 -50)
(-60 10 -50)
(-50 10 -50)
(-40 10 -50)
(-30 10 -50)
(-20 10 -50)
(-10 10 -50)
(0 10 -50)
(10 10 -50)
(20 10 -50)
(30 10 -50)
(40 10 -50)
(50 10 -50)
(60 10 -50)
(70 10 -50)
(80 10 -50)
(90 10 -50)
(100 10 -50)
(-100 15 -50)
(-90 15 -50)
(-80 15 -50)
(-70 15 -50)
(-60 15 -50)
(-50 15 -50)
(-40 15 -50)
(-30 15 -50)
(-20 15 -50)
(-10 15 -50)
(0 15 -50)
(10 15 -50)
(20 15 -50)
(30 15 -50)
(40 15 -50)
(50 15 -50)
(60 15 -50)
(70 15 -50)
(80 15 -50)
(90 15 -50)
(100 15 -50)
(-100 20 -50)
(-90 20 -50)
(-80 20 -50)
(-70 20 -50)
(-60 20 -50)
(-50 20 -50)
(-40 20 -50)
(-30 20 -50)
(-20 20 -50)
(-10 20 -50)
(0 20 -50)
(10 20 -50)
(20 20 -50)
(30 20 -50)
(40 20 -50)
(50 20 -50)
(60 20 -50)
(70 20 -50)
(80 20 -50)
(90 20 -50)
(100 20 -50)
(-100 25 -50)
(-90 25 -50)
(-80 25 -50)
(-70 25 -50)
(-60 25 -50)
(-50 25 -50)
(-40 25 -50)
(-30 25 -50)
(-20 25 -50)
(-10 25 -50)
(0 25 -50)
(10 25 -50)
(20 25 -50)
(30 25 -50)
(40 25 -50)
(50 25 -50)
(60 25 -50)
(70 25 -50)
(80 25 -50)
(90 25 -50)
(100 25 -50)
(-100 30 -50)
(-90 30 -50)
(-80 30 -50)
(-70 30 -50)
(-60 30 -50)
(-50 30 -50)
(-40 30 -50)
(-30 30 -50)
(-20 30 -50)
(-10 30 -50)
(0 30 -50)
(10 30 -50)
(20 30 -50)
(30 30 -50)
(40 30 -50)
(50 30 -50)
(60 30 -50)
(70 30 -50)
(80 30 -50)
(90 30 -50)
(100 30 -50)
(-100 35 -50)
(-90 35 -50)
(-80 35 -50)
(-70 35 -50)
(-60 35 -50)
(-50 35 -50)
(-40 35 -50)
(-30 35 -50)
(-20 35 -50)
(-10 35 -50)
(0 35 -50)
(10 35 -50)
(20 35 -50)
(30 35 -50)
(40 35 -50)
(50 35 -50)
(60 35 -50)
(70 35 -50)
(80 35 -50)
(90 35 -50)
(100 35 -50)
(-100 40 -50)
(-90 40 -50)
(-80 40 -50)
(-70 40 -50)
(-60 40 -50)
(-50 40 -50)
(-40 40 -50)
(-30 40 -50)
(-20 40 -50)
(-10 40 -50)
(0 40 -50)
(10 40 -50)
(20 40 -50)
(30 40 -50)
(40 40 -50)
(50 40 -50)
(60 40 -50)
(70 40 -50)
(80 40 -50)
(90 40 -50)
(100 40 -50)
(-100 45 -50)
(-90 45 -50)
(-80 45 -50)
(-70 45 -50)
(-60 45 -50)
(-50 45 -50)
(-40 45 -50)
(-30 45 -50)
(-20 45 -50)
(-10 45 -50)
(0 45 -50)
(10 45 -50)
(20 45 -50)
(30 45 -50)
(40 45 -50)
(50 45 -50)
(60 45 -50)
(70 45 -50)
(80 45 -50)
(90 45 -50)
(100 45 -50)
(-100 50 -50)
(-90 50 -50)
(-80 50 -50)
(-70 50 -50)
(-60 50 -50)
(-50 50 -50)
(-40 50 -50)
(-30 50 -50)
(-20 50 -50)
(-10 50 -50)
(0 50 -50)
(10 50 -50)
(20 50 -50)
(30 50 -50)
(40 50 -50)
(50 50 -50)
(60 50 -50)
(70 50 -50)
(80 50 -50)
(90 50 -50)
(100 50 -50)
(-100 0 -40)
(-90 0 -40)
(-80 0 -40)
(-70 0 -40)
(-60 0 -40)
(-50 0 -40)
(-40 0 -40)
(-30 0 -40)
(-20 0 -40)
(-10 0 -40)
(0 0 -40)
(10 0 -40)
(20 0 -40)
(30 0 -40)
(40 0 -40)
(50 0 -40)
(60 0 -40)
(70 0 -40)
(80 0 -40)
(90 0 -40)
(100 0 -40)
(-100 5 -40)
(-90 5 -40)
(-80 5 -40)
(-70 5 -40)
(-60 5 -40)
(-50 5 -40)
(-40 5 -40)
(-30 5 -40)
(-20 5 -40)
(-10 5 -40)
(0 5 -40)
(10 5 -40)
(20 5 -40)
(30 5 -40)
(40 5 -40)
(50 5 -40)
(60 5 -40)
(70 5 -40)
(80 5 -40)
(90 5 -40)
(100 5 -40)
(-100 10 -40)
(-90 10 -40)
(-80 10 -40)
(-70 10 -40)
(-60 10 -40)
(-50 10 -40)
(-40 10 -40)
(-30 10 -40)
(-20 10 -40)
(-10 10 -40)
(0 10 -40)
(10 10 -40)
(20 10 -40)
(30 10 -40)
(40 10 -40)
(50 10 -40)
(60 10 -40)
(70 10 -40)
(80 10 -40)
(90 10 -40)
(100 10 -40)
(-100 15 -40)
(-90 15 -40)
(-80 15 -40)
(-70 15 -40)
(-60 15 -40)
(-50 15 -40)
(-40 15 -40)
(-30 15 -40)
(-20 15 -40)
(-10 15 -40)
(0 15 -40)
(10 15 -40)
(20 15 -40)
(30 15 -40)
(40 15 -40)
(50 15 -40)
(60 15 -40)
(70 15 -40)
(80 15 -40)
(90 15 -40)
(100 15 -40)
(-100 20 -40)
(-90 20 -40)
(-80 20 -40)
(-70 20 -40)
(-60 20 -40)
(-50 20 -40)
(-40 20 -40)
(-30 20 -40)
(-20 20 -40)
(-10 20 -40)
(0 20 -40)
(10 20 -40)
(20 20 -40)
(30 20 -40)
(40 20 -40)
(50 20 -40)
(60 20 -40)
(70 20 -40)
(80 20 -40)
(90 20 -40)
(100 20 -40)
(-100 25 -40)
(-90 25 -40)
(-80 25 -40)
(-70 25 -40)
(-60 25 -40)
(-50 25 -40)
(-40 25 -40)
(-30 25 -40)
(-20 25 -40)
(-10 25 -40)
(0 25 -40)
(10 25 -40)
(20 25 -40)
(30 25 -40)
(40 25 -40)
(50 25 -40)
(60 25 -40)
(70 25 -40)
(80 25 -40)
(90 25 -40)
(100 25 -40)
(-100 30 -40)
(-90 30 -40)
(-80 30 -40)
(-70 30 -40)
(-60 30 -40)
(-50 30 -40)
(-40 30 -40)
(-30 30 -40)
(-20 30 -40)
(-10 30 -40)
(0 30 -40)
(10 30 -40)
(20 30 -40)
(30 30 -40)
(40 30 -40)
(50 30 -40)
(60 30 -40)
(70 30 -40)
(80 30 -40)
(90 30 -40)
(100 30 -40)
(-100 35 -40)
(-90 35 -40)
(-80 35 -40)
(-70 35 -40)
(-60 35 -40)
(-50 35 -40)
(-40 35 -40)
(-30 35 -40)
(-20 35 -40)
(-10 35 -40)
(0 35 -40)
(10 35 -40)
(20 35 -40)
(30 35 -40)
(40 35 -40)
(50 35 -40)
(60 35 -40)
(70 35 -40)
(80 35 -40)
(90 35 -40)
(100 35 -40)
(-100 40 -40)
(-90 40 -40)
(-80 40 -40)
(-70 40 -40)
(-60 40 -40)
(-50 40 -40)
(-40 40 -40)
(-30 40 -40)
(-20 40 -40)
(-10 40 -40)
(0 40 -40)
(10 40 -40)
(20 40 -40)
(30 40 -40)
(40 40 -40)
(50 40 -40)
(60 40 -40)
(70 40 -40)
(80 40 -40)
(90 40 -40)
(100 40 -40)
(-100 45 -40)
(-90 45 -40)
(-80 45 -40)
(-70 45 -40)
(-60 45 -40)
(-50 45 -40)
(-40 45 -40)
(-30 45 -40)
(-20 45 -40)
(-10 45 -40)
(0 45 -40)
(10 45 -40)
(20 45 -40)
(30 45 -40)
(40 45 -40)
(50 45 -40)
(60 45 -40)
(70 45 -40)
(80 45 -40)
(90 45 -40)
(100 45 -40)
(-100 50 -40)
(-90 50 -40)
(-80 50 -40)
(-70 50 -40)
(-60 50 -40)
(-50 50 -40)
(-40 50 -40)
(-30 50 -40)
(-20 50 -40)
(-10 50 -40)
(0 50 -40)
(10 50 -40)
(20 50 -40)
(30 50 -40)
(40 50 -40)
(50 50 -40)
(60 50 -40)
(70 50 -40)
(80 50 -40)
(90 50 -40)
(100 50 -40)
(-100 0 -30)
(-90 0 -30)
(-80 0 -30)
(-70 0 -30)
(-60 0 -30)
(-50 0 -30)
(-40 0 -30)
(-30 0 -30)
(-20 0 -30)
(-10 0 -30)
(0 0 -30)
(10 0 -30)
(20 0 -30)
(30 0 -30)
(40 0 -30)
(50 0 -30)
(60 0 -30)
(70 0 -30)
(80 0 -30)
(90 0 -30)
(100 0 -30)
(-100 5 -30)
(-90 5 -30)
(-80 5 -30)
(-70 5 -30)
(-60 5 -30)
(-50 5 -30)
(-40 5 -30)
(-30 5 -30)
(-20 5 -30)
(-10 5 -30)
(0 5 -30)
(10 5 -30)
(20 5 -30)
(30 5 -30)
(40 5 -30)
(50 5 -30)
(60 5 -30)
(70 5 -30)
(80 5 -30)
(90 5 -30)
(100 5 -30)
(-100 10 -30)
(-90 10 -30)
(-80 10 -30)
(-70 10 -30)
(-60 10 -30)
(-50 10 -30)
(-40 10 -30)
(-30 10 -30)
(-20 10 -30)
(-10 10 -30)
(0 10 -30)
(10 10 -30)
(20 10 -30)
(30 10 -30)
(40 10 -30)
(50 10 -30)
(60 10 -30)
(70 10 -30)
(80 10 -30)
(90 10 -30)
(100 10 -30)
(-100 15 -30)
(-90 15 -30)
(-80 15 -30)
(-70 15 -30)
(-60 15 -30)
(-50 15 -30)
(-40 15 -30)
(-30 15 -30)
(-20 15 -30)
(-10 15 -30)
(0 15 -30)
(10 15 -30)
(20 15 -30)
(30 15 -30)
(40 15 -30)
(50 15 -30)
(60 15 -30)
(70 15 -30)
(80 15 -30)
(90 15 -30)
(100 15 -30)
(-100 20 -30)
(-90 20 -30)
(-80 20 -30)
(-70 20 -30)
(-60 20 -30)
(-50 20 -30)
(-40 20 -30)
(-30 20 -30)
(-20 20 -30)
(-10 20 -30)
(0 20 -30)
(10 20 -30)
(20 20 -30)
(30 20 -30)
(40 20 -30)
(50 20 -30)
(60 20 -30)
(70 20 -30)
(80 20 -30)
(90 20 -30)
(100 20 -30)
(-100 25 -30)
(-90 25 -30)
(-80 25 -30)
(-70 25 -30)
(-60 25 -30)
(-50 25 -30)
(-40 25 -30)
(-30 25 -30)
(-20 25 -30)
(-10 25 -30)
(0 25 -30)
(10 25 -30)
(20 25 -30)
(30 25 -30)
(40 25 -30)
(50 25 -30)
(60 25 -30)
(70 25 -30)
(80 25 -30)
(90 25 -30)
(100 25 -30)
(-100 30 -30)
(-90 30 -30)
(-80 30 -30)
(-70 30 -30)
(-60 30 -30)
(-50 30 -30)
(-40 30 -30)
(-30 30 -30)
(-20 30 -30)
(-10 30 -30)
(0 30 -30)
(10 30 -30)
(20 30 -30)
(30 30 -30)
(40 30 -30)
(50 30 -30)
(60 30 -30)
(70 30 -30)
(80 30 -30)
(90 30 -30)
(100 30 -30)
(-100 35 -30)
(-90 35 -30)
(-80 35 -30)
(-70 35 -30)
(-60 35 -30)
(-50 35 -30)
(-40 35 -30)
(-30 35 -30)
(-20 35 -30)
(-10 35 -30)
(0 35 -30)
(10 35 -30)
(20 35 -30)
(30 35 -30)
(40 35 -30)
(50 35 -30)
(60 35 -30)
(70 35 -30)
(80 35 -30)
(90 35 -30)
(100 35 -30)
(-100 40 -30)
(-90 40 -30)
(-80 40 -30)
(-70 40 -30)
(-60 40 -30)
(-50 40 -30)
(-40 40 -30)
(-30 40 -30)
(-20 40 -30)
(-10 40 -30)
(0 40 -30)
(10 40 -30)
(20 40 -30)
(30 40 -30)
(40 40 -30)
(50 40 -30)
(60 40 -30)
(70 40 -30)
(80 40 -30)
(90 40 -30)
(100 40 -30)
(-100 45 -30)
(-90 45 -30)
(-80 45 -30)
(-70 45 -30)
(-60 45 -30)
(-50 45 -30)
(-40 45 -30)
(-30 45 -30)
(-20 45 -30)
(-10 45 -30)
(0 45 -30)
(10 45 -30)
(20 45 -30)
(30 45 -30)
(40 45 -30)
(50 45 -30)
(60 45 -30)
(70 45 -30)
(80 45 -30)
(90 45 -30)
(100 45 -30)
(-100 50 -30)
(-90 50 -30)
(-80 50 -30)
(-70 50 -30)
(-60 50 -30)
(-50 50 -30)
(-40 50 -30)
(-30 50 -30)
(-20 50 -30)
(-10 50 -30)
(0 50 -30)
(10 50 -30)
(20 50 -30)
(30 50 -30)
(40 50 -30)
(50 50 -30)
(60 50 -30)
(70 50 -30)
(80 50 -30)
(90 50 -30)
(100 50 -30)
(-100 0 -20)
(-90 0 -20)
(-80 0 -20)
(-70 0 -20)
(-60 0 -20)
(-50 0 -20)
(-40 0 -20)
(-30 0 -20)
(-20 0 -20)
(-10 0 -20)
(0 0 -20)
(10 0 -20)
(20 0 -20)
(30 0 -20)
(40 0 -20)
(50 0 -20)
(60 0 -20)
(70 0 -20)
(80 0 -20)
(90 0 -20)
(100 0 -20)
(-100 5 -20)
(-90 5 -20)
(-80 5 -20)
(-70 5 -20)
(-60 5 -20)
(-50 5 -20)
(-40 5 -20)
(-30 5 -20)
(-20 5 -20)
(-10 5 -20)
(0 5 -20)
(10 5 -20)
(20 5 -20)
(30 5 -20)
(40 5 -20)
(50 5 -20)
(60 5 -20)
(70 5 -20)
(80 5 -20)
(90 5 -20)
(100 5 -20)
(-100 10 -20)
(-90 10 -20)
(-80 10 -20)
(-70 10 -20)
(-60 10 -20)
(-50 10 -20)
(-40 10 -20)
(-30 10 -20)
(-20 10 -20)
(-10 10 -20)
(0 10 -20)
(10 10 -20)
(20 10 -20)
(30 10 -20)
(40 10 -20)
(50 10 -20)
(60 10 -20)
(70 10 -20)
(80 10 -20)
(90 10 -20)
(100 10 -20)
(-100 15 -20)
(-90 15 -20)
(-80 15 -20)
(-70 15 -20)
(-60 15 -20)
(-50 15 -20)
(-40 15 -20)
(-30 15 -20)
(-20 15 -20)
(-10 15 -20)
(0 15 -20)
(10 15 -20)
(20 15 -20)
(30 15 -20)
(40 15 -20)
(50 15 -20)
(60 15 -20)
(70 15 -20)
(80 15 -20)
(90 15 -20)
(100 15 -20)
(-100 20 -20)
(-90 20 -20)
(-80 20 -20)
(-70 20 -20)
(-60 20 -20)
(-50 20 -20)
(-40 20 -20)
(-30 20 -20)
(-20 20 -20)
(-10 20 -20)
(0 20 -20)
(10 20 -20)
(20 20 -20)
(30 20 -20)
(40 20 -20)
(50 20 -20)
(60 20 -20)
(70 20 -20)
(80 20 -20)
(90 20 -20)
(100 20 -20)
(-100 25 -20)
(-90 25 -20)
(-80 25 -20)
(-70 25 -20)
(-60 25 -20)
(-50 25 -20)
(-40 25 -20)
(-30 25 -20)
(-20 25 -20)
(-10 25 -20)
(0 25 -20)
(10 25 -20)
(20 25 -20)
(30 25 -20)
(40 25 -20)
(50 25 -20)
(60 25 -20)
(70 25 -20)
(80 25 -20)
(90 25 -20)
(100 25 -20)
(-100 30 -20)
(-90 30 -20)
(-80 30 -20)
(-70 30 -20)
(-60 30 -20)
(-50 30 -20)
(-40 30 -20)
(-30 30 -20)
(-20 30 -20)
(-10 30 -20)
(0 30 -20)
(10 30 -20)
(20 30 -20)
(30 30 -20)
(40 30 -20)
(50 30 -20)
(60 30 -20)
(70 30 -20)
(80 30 -20)
(90 30 -20)
(100 30 -20)
(-100 35 -20)
(-90 35 -20)
(-80 35 -20)
(-70 35 -20)
(-60 35 -20)
(-50 35 -20)
(-40 35 -20)
(-30 35 -20)
(-20 35 -20)
(-10 35 -20)
(0 35 -20)
(10 35 -20)
(20 35 -20)
(30 35 -20)
(40 35 -20)
(50 35 -20)
(60 35 -20)
(70 35 -20)
(80 35 -20)
(90 35 -20)
(100 35 -20)
(-100 40 -20)
(-90 40 -20)
(-80 40 -20)
(-70 40 -20)
(-60 40 -20)
(-50 40 -20)
(-40 40 -20)
(-30 40 -20)
(-20 40 -20)
(-10 40 -20)
(0 40 -20)
(10 40 -20)
(20 40 -20)
(30 40 -20)
(40 40 -20)
(50 40 -20)
(60 40 -20)
(70 40 -20)
(80 40 -20)
(90 40 -20)
(100 40 -20)
(-100 45 -20)
(-90 45 -20)
(-80 45 -20)
(-70 45 -20)
(-60 45 -20)
(-50 45 -20)
(-40 45 -20)
(-30 45 -20)
(-20 45 -20)
(-10 45 -20)
(0 45 -20)
(10 45 -20)
(20 45 -20)
(30 45 -20)
(40 45 -20)
(50 45 -20)
(60 45 -20)
(70 45 -20)
(80 45 -20)
(90 45 -20)
(100 45 -20)
(-100 50 -20)
(-90 50 -20)
(-80 50 -20)
(-70 50 -20)
(-60 50 -20)
(-50 50 -20)
(-40 50 -20)
(-30 50 -20)
(-20 50 -20)
(-10 50 -20)
(0 50 -20)
(10 50 -20)
(20 50 -20)
(30 50 -20)
(40 50 -20)
(50 50 -20)
(60 50 -20)
(70 50 -20)
(80 50 -20)
(90 50 -20)
(100 50 -20)
(-100 0 -10)
(-90 0 -10)
(-80 0 -10)
(-70 0 -10)
(-60 0 -10)
(-50 0 -10)
(-40 0 -10)
(-30 0 -10)
(-20 0 -10)
(-10 0 -10)
(0 0 -10)
(10 0 -10)
(20 0 -10)
(30 0 -10)
(40 0 -10)
(50 0 -10)
(60 0 -10)
(70 0 -10)
(80 0 -10)
(90 0 -10)
(100 0 -10)
(-100 5 -10)
(-90 5 -10)
(-80 5 -10)
(-70 5 -10)
(-60 5 -10)
(-50 5 -10)
(-40 5 -10)
(-30 5 -10)
(-20 5 -10)
(-10 5 -10)
(0 5 -10)
(10 5 -10)
(20 5 -10)
(30 5 -10)
(40 5 -10)
(50 5 -10)
(60 5 -10)
(70 5 -10)
(80 5 -10)
(90 5 -10)
(100 5 -10)
(-100 10 -10)
(-90 10 -10)
(-80 10 -10)
(-70 10 -10)
(-60 10 -10)
(-50 10 -10)
(-40 10 -10)
(-30 10 -10)
(-20 10 -10)
(-10 10 -10)
(0 10 -10)
(10 10 -10)
(20 10 -10)
(30 10 -10)
(40 10 -10)
(50 10 -10)
(60 10 -10)
(70 10 -10)
(80 10 -10)
(90 10 -10)
(100 10 -10)
(-100 15 -10)
(-90 15 -10)
(-80 15 -10)
(-70 15 -10)
(-60 15 -10)
(-50 15 -10)
(-40 15 -10)
(-30 15 -10)
(-20 15 -10)
(-10 15 -10)
(0 15 -10)
(10 15 -10)
(20 15 -10)
(30 15 -10)
(40 15 -10)
(50 15 -10)
(60 15 -10)
(70 15 -10)
(80 15 -10)
(90 15 -10)
(100 15 -10)
(-100 20 -10)
(-90 20 -10)
(-80 20 -10)
(-70 20 -10)
(-60 20 -10)
(-50 20 -10)
(-40 20 -10)
(-30 20 -10)
(-20 20 -10)
(-10 20 -10)
(0 20 -10)
(10 20 -10)
(20 20 -10)
(30 20 -10)
(40 20 -10)
(50 20 -10)
(60 20 -10)
(70 20 -10)
(80 20 -10)
(90 20 -10)
(100 20 -10)
(-100 25 -10)
(-90 25 -10)
(-80 25 -10)
(-70 25 -10)
(-60 25 -10)
(-50 25 -10)
(-40 25 -10)
(-30 25 -10)
(-20 25 -10)
(-10 25 -10)
(0 25 -10)
(10 25 -10)
(20 25 -10)
(30 25 -10)
(40 25 -10)
(50 25 -10)
(60 25 -10)
(70 25 -10)
(80 25 -10)
(90 25 -10)
(100 25 -10)
(-100 30 -10)
(-90 30 -10)
(-80 30 -10)
(-70 30 -10)
(-60 30 -10)
(-50 30 -10)
(-40 30 -10)
(-30 30 -10)
(-20 30 -10)
(-10 30 -10)
(0 30 -10)
(10 30 -10)
(20 30 -10)
(30 30 -10)
(40 30 -10)
(50 30 -10)
(60 30 -10)
(70 30 -10)
(80 30 -10)
(90 30 -10)
(100 30 -10)
(-100 35 -10)
(-90 35 -10)
(-80 35 -10)
(-70 35 -10)
(-60 35 -10)
(-50 35 -10)
(-40 35 -10)
(-30 35 -10)
(-20 35 -10)
(-10 35 -10)
(0 35 -10)
(10 35 -10)
(20 35 -10)
(30 35 -10)
(40 35 -10)
(50 35 -10)
(60 35 -10)
(70 35 -10)
(80 35 -10)
(90 35 -10)
(100 35 -10)
(-100 40 -10)
(-90 40 -10)
(-80 40 -10)
(-70 40 -10)
(-60 40 -10)
(-50 40 -10)
(-40 40 -10)
(-30 40 -10)
(-20 40 -10)
(-10 40 -10)
(0 40 -10)
(10 40 -10)
(20 40 -10)
(30 40 -10)
(40 40 -10)
(50 40 -10)
(60 40 -10)
(70 40 -10)
(80 40 -10)
(90 40 -10)
(100 40 -10)
(-100 45 -10)
(-90 45 -10)
(-80 45 -10)
(-70 45 -10)
(-60 45 -10)
(-50 45 -10)
(-40 45 -10)
(-30 45 -10)
(-20 45 -10)
(-10 45 -10)
(0 45 -10)
(10 45 -10)
(20 45 -10)
(30 45 -10)
(40 45 -10)
(50 45 -10)
(60 45 -10)
(70 45 -10)
(80 45 -10)
(90 45 -10)
(100 45 -10)
(-100 50 -10)
(-90 50 -10)
(-80 50 -10)
(-70 50 -10)
(-60 50 -10)
(-50 50 -10)
(-40 50 -10)
(-30 50 -10)
(-20 50 -10)
(-10 50 -10)
(0 50 -10)
(10 50 -10)
(20 50 -10)
(30 50 -10)
(40 50 -10)
(50 50 -10)
(60 50 -10)
(70 50 -10)
(80 50 -10)
(90 50 -10)
(100 50 -10)
(-100 0 0)
(-90 0 0)
(-80 0 0)
(-70 0 0)
(-60 0 0)
(-50 0 0)
(-40 0 0)
(-30 0 0)
(-20 0 0)
(-10 0 1.184237893e-15)
(0 0 0)
(10 0 0)
(20 0 0)
(30 0 0)
(40 0 5.921189465e-16)
(50 0 0)
(60 0 -5.921189465e-16)
(70 0 2.960594732e-16)
(80 0 -2.960594732e-16)
(90 0 7.401486831e-16)
(100 0 0)
(-100 5 0)
(-90 5 0)
(-80 5 0)
(-70 5 0)
(-60 5 0)
(-50 5 0)
(-40 5 0)
(-30 5 0)
(-20 5 1.184237893e-15)
(-10 5 1.184237893e-15)
(0 5 0)
(10 5 0)
(20 5 1.184237893e-15)
(30 5 0)
(40 5 -5.921189465e-16)
(50 5 0)
(60 5 -5.921189465e-16)
(70 5 8.881784197e-16)
(80 5 -2.960594732e-16)
(90 5 7.401486831e-16)
(100 5 0)
(-100 10 0)
(-90 10 0)
(-80 10 0)
(-70 10 0)
(-60 10 0)
(-50 10 0)
(-40 10 0)
(-30 10 0)
(-20 10 1.184237893e-15)
(-10 10 0)
(0 10 0)
(10 10 0)
(20 10 1.184237893e-15)
(30 10 0)
(40 10 5.921189465e-16)
(50 10 0)
(60 10 -5.921189465e-16)
(70 10 2.960594732e-16)
(80 10 -2.960594732e-16)
(90 10 7.401486831e-16)
(100 10 0)
(-100 15 0)
(-90 15 0)
(-80 15 0)
(-70 15 0)
(-60 15 0)
(-50 15 0)
(-40 15 0)
(-30 15 0)
(-20 15 0)
(-10 15 1.184237893e-15)
(0 15 0)
(10 15 0)
(20 15 0)
(30 15 0)
(40 15 5.921189465e-16)
(50 15 1.184237893e-15)
(60 15 0)
(70 15 2.960594732e-16)
(80 15 -2.960594732e-16)
(90 15 7.401486831e-16)
(100 15 0)
(-100 20 0)
(-90 20 0)
(-80 20 2.368475786e-15)
(-70 20 0)
(-60 20 0)
(-50 20 0)
(-40 20 0)
(-30 20 0)
(-20 20 0)
(-10 20 2.368475786e-15)
(0 20 0)
(10 20 0)
(20 20 0)
(30 20 0)
(40 20 5.921189465e-16)
(50 20 0)
(60 20 -5.921189465e-16)
(70 20 2.960594732e-16)
(80 20 -2.960594732e-16)
(90 20 7.401486831e-16)
(100 20 0)
(-100 25 0)
(-90 25 0)
(-80 25 0)
(-70 25 0)
(-60 25 0)
(-50 25 0)
(-40 25 0)
(-30 25 0)
(-20 25 0)
(-10 25 1.184237893e-15)
(0 25 0)
(10 25 0)
(20 25 0)
(30 25 0)
(40 25 5.921189465e-16)
(50 25 0)
(60 25 -5.921189465e-16)
(70 25 2.960594732e-16)
(80 25 -2.960594732e-16)
(90 25 7.401486831e-16)
(100 25 0)
(-100 30 0)
(-90 30 0)
(-80 30 2.368475786e-15)
(-70 30 0)
(-60 30 0)
(-50 30 0)
(-40 30 0)
(-30 30 0)
(-20 30 0)
(-10 30 2.368475786e-15)
(0 30 0)
(10 30 0)
(20 30 0)
(30 30 0)
(40 30 5.921189465e-16)
(50 30 0)
(60 30 -5.921189465e-16)
(70 30 2.960594732e-16)
(80 30 -2.960594732e-16)
(90 30 7.401486831e-16)
(100 30 0)
(-100 35 0)
(-90 35 0)
(-80 35 0)
(-70 35 0)
(-60 35 0)
(-50 35 0)
(-40 35 0)
(-30 35 0)
(-20 35 0)
(-10 35 2.368475786e-15)
(0 35 0)
(10 35 0)
(20 35 0)
(30 35 0)
(40 35 5.921189465e-16)
(50 35 0)
(60 35 -5.921189465e-16)
(70 35 2.960594732e-16)
(80 35 -2.960594732e-16)
(90 35 7.401486831e-16)
(100 35 0)
(-100 40 0)
(-90 40 0)
(-80 40 0)
(-70 40 0)
(-60 40 0)
(-50 40 0)
(-40 40 0)
(-30 40 0)
(-20 40 0)
(-10 40 -1.184237893e-15)
(0 40 0)
(10 40 0)
(20 40 0)
(30 40 0)
(40 40 5.921189465e-16)
(50 40 0)
(60 40 -5.921189465e-16)
(70 40 2.960594732e-16)
(80 40 -2.960594732e-16)
(90 40 -1.628327103e-15)
(100 40 0)
(-100 45 0)
(-90 45 0)
(-80 45 0)
(-70 45 0)
(-60 45 0)
(-50 45 0)
(-40 45 0)
(-30 45 0)
(-20 45 0)
(-10 45 1.184237893e-15)
(0 45 0)
(10 45 0)
(20 45 0)
(30 45 0)
(40 45 5.921189465e-16)
(50 45 0)
(60 45 -5.921189465e-16)
(70 45 2.960594732e-16)
(80 45 -2.960594732e-16)
(90 45 7.401486831e-16)
(100 45 0)
(-100 50 0)
(-90 50 0)
(-80 50 0)
(-70 50 0)
(-60 50 0)
(-50 50 0)
(-40 50 0)
(-30 50 0)
(-20 50 0)
(-10 50 1.184237893e-15)
(0 50 0)
(10 50 0)
(20 50 0)
(30 50 0)
(40 50 5.921189465e-16)
(50 50 0)
(60 50 -5.921189465e-16)
(70 50 2.960594732e-16)
(80 50 -2.960594732e-16)
(90 50 7.401486831e-16)
(100 50 0)
(-100 0 10)
(-90 0 10)
(-80 0 10)
(-70 0 10)
(-60 0 10)
(-50 0 10)
(-40 0 10)
(-30 0 10)
(-20 0 10)
(-10 0 10)
(0 0 10)
(10 0 10)
(20 0 10)
(30 0 10)
(40 0 10)
(50 0 10)
(60 0 10)
(70 0 10)
(80 0 10)
(90 0 10)
(100 0 10)
(-100 5 10)
(-90 5 10)
(-80 5 10)
(-70 5 10)
(-60 5 10)
(-50 5 10)
(-40 5 10)
(-30 5 10)
(-20 5 10)
(-10 5 10)
(0 5 10)
(10 5 10)
(20 5 10)
(30 5 10)
(40 5 10)
(50 5 10)
(60 5 10)
(70 5 10)
(80 5 10)
(90 5 10)
(100 5 10)
(-100 10 10)
(-90 10 10)
(-80 10 10)
(-70 10 10)
(-60 10 10)
(-50 10 10)
(-40 10 10)
(-30 10 10)
(-20 10 10)
(-10 10 10)
(0 10 10)
(10 10 10)
(20 10 10)
(30 10 10)
(40 10 10)
(50 10 10)
(60 10 10)
(70 10 10)
(80 10 10)
(90 10 10)
(100 10 10)
(-100 15 10)
(-90 15 10)
(-80 15 10)
(-70 15 10)
(-60 15 10)
(-50 15 10)
(-40 15 10)
(-30 15 10)
(-20 15 10)
(-10 15 10)
(0 15 10)
(10 15 10)
(20 15 10)
(30 15 10)
(40 15 10)
(50 15 10)
(60 15 10)
(70 15 10)
(80 15 10)
(90 15 10)
(100 15 10)
(-100 20 10)
(-90 20 10)
(-80 20 10)
(-70 20 10)
(-60 20 10)
(-50 20 10)
(-40 20 10)
(-30 20 10)
(-20 20 10)
(-10 20 10)
(0 20 10)
(10 20 10)
(20 20 10)
(30 20 10)
(40 20 10)
(50 20 10)
(60 20 10)
(70 20 10)
(80 20 10)
(90 20 10)
(100 20 10)
(-100 25 10)
(-90 25 10)
(-80 25 10)
(-70 25 10)
(-60 25 10)
(-50 25 10)
(-40 25 10)
(-30 25 10)
(-20 25 10)
(-10 25 10)
(0 25 10)
(10 25 10)
(20 25 10)
(30 25 10)
(40 25 10)
(50 25 10)
(60 25 10)
(70 25 10)
(80 25 10)
(90 25 10)
(100 25 10)
(-100 30 10)
(-90 30 10)
(-80 30 10)
(-70 30 10)
(-60 30 10)
(-50 30 10)
(-40 30 10)
(-30 30 10)
(-20 30 10)
(-10 30 10)
(0 30 10)
(10 30 10)
(20 30 10)
(30 30 10)
(40 30 10)
(50 30 10)
(60 30 10)
(70 30 10)
(80 30 10)
(90 30 10)
(100 30 10)
(-100 35 10)
(-90 35 10)
(-80 35 10)
(-70 35 10)
(-60 35 10)
(-50 35 10)
(-40 35 10)
(-30 35 10)
(-20 35 10)
(-10 35 10)
(0 35 10)
(10 35 10)
(20 35 10)
(30 35 10)
(40 35 10)
(50 35 10)
(60 35 10)
(70 35 10)
(80 35 10)
(90 35 10)
(100 35 10)
(-100 40 10)
(-90 40 10)
(-80 40 10)
(-70 40 10)
(-60 40 10)
(-50 40 10)
(-40 40 10)
(-30 40 10)
(-20 40 10)
(-10 40 10)
(0 40 10)
(10 40 10)
(20 40 10)
(30 40 10)
(40 40 10)
(50 40 10)
(60 40 10)
(70 40 10)
(80 40 10)
(90 40 10)
(100 40 10)
(-100 45 10)
(-90 45 10)
(-80 45 10)
(-70 45 10)
(-60 45 10)
(-50 45 10)
(-40 45 10)
(-30 45 10)
(-20 45 10)
(-10 45 10)
(0 45 10)
(10 45 10)
(20 45 10)
(30 45 10)
(40 45 10)
(50 45 10)
(60 45 10)
(70 45 10)
(80 45 10)
(90 45 10)
(100 45 10)
(-100 50 10)
(-90 50 10)
(-80 50 10)
(-70 50 10)
(-60 50 10)
(-50 50 10)
(-40 50 10)
(-30 50 10)
(-20 50 10)
(-10 50 10)
(0 50 10)
(10 50 10)
(20 50 10)
(30 50 10)
(40 50 10)
(50 50 10)
(60 50 10)
(70 50 10)
(80 50 10)
(90 50 10)
(100 50 10)
(-100 0 20)
(-90 0 20)
(-80 0 20)
(-70 0 20)
(-60 0 20)
(-50 0 20)
(-40 0 20)
(-30 0 20)
(-20 0 20)
(-10 0 20)
(0 0 20)
(10 0 20)
(20 0 20)
(30 0 20)
(40 0 20)
(50 0 20)
(60 0 20)
(70 0 20)
(80 0 20)
(90 0 20)
(100 0 20)
(-100 5 20)
(-90 5 20)
(-80 5 20)
(-70 5 20)
(-60 5 20)
(-50 5 20)
(-40 5 20)
(-30 5 20)
(-20 5 20)
(-10 5 20)
(0 5 20)
(10 5 20)
(20 5 20)
(30 5 20)
(40 5 20)
(50 5 20)
(60 5 20)
(70 5 20)
(80 5 20)
(90 5 20)
(100 5 20)
(-100 10 20)
(-90 10 20)
(-80 10 20)
(-70 10 20)
(-60 10 20)
(-50 10 20)
(-40 10 20)
(-30 10 20)
(-20 10 20)
(-10 10 20)
(0 10 20)
(10 10 20)
(20 10 20)
(30 10 20)
(40 10 20)
(50 10 20)
(60 10 20)
(70 10 20)
(80 10 20)
(90 10 20)
(100 10 20)
(-100 15 20)
(-90 15 20)
(-80 15 20)
(-70 15 20)
(-60 15 20)
(-50 15 20)
(-40 15 20)
(-30 15 20)
(-20 15 20)
(-10 15 20)
(0 15 20)
(10 15 20)
(20 15 20)
(30 15 20)
(40 15 20)
(50 15 20)
(60 15 20)
(70 15 20)
(80 15 20)
(90 15 20)
(100 15 20)
(-100 20 20)
(-90 20 20)
(-80 20 20)
(-70 20 20)
(-60 20 20)
(-50 20 20)
(-40 20 20)
(-30 20 20)
(-20 20 20)
(-10 20 20)
(0 20 20)
(10 20 20)
(20 20 20)
(30 20 20)
(40 20 20)
(50 20 20)
(60 20 20)
(70 20 20)
(80 20 20)
(90 20 20)
(100 20 20)
(-100 25 20)
(-90 25 20)
(-80 25 20)
(-70 25 20)
(-60 25 20)
(-50 25 20)
(-40 25 20)
(-30 25 20)
(-20 25 20)
(-10 25 20)
(0 25 20)
(10 25 20)
(20 25 20)
(30 25 20)
(40 25 20)
(50 25 20)
(60 25 20)
(70 25 20)
(80 25 20)
(90 25 20)
(100 25 20)
(-100 30 20)
(-90 30 20)
(-80 30 20)
(-70 30 20)
(-60 30 20)
(-50 30 20)
(-40 30 20)
(-30 30 20)
(-20 30 20)
(-10 30 20)
(0 30 20)
(10 30 20)
(20 30 20)
(30 30 20)
(40 30 20)
(50 30 20)
(60 30 20)
(70 30 20)
(80 30 20)
(90 30 20)
(100 30 20)
(-100 35 20)
(-90 35 20)
(-80 35 20)
(-70 35 20)
(-60 35 20)
(-50 35 20)
(-40 35 20)
(-30 35 20)
(-20 35 20)
(-10 35 20)
(0 35 20)
(10 35 20)
(20 35 20)
(30 35 20)
(40 35 20)
(50 35 20)
(60 35 20)
(70 35 20)
(80 35 20)
(90 35 20)
(100 35 20)
(-100 40 20)
(-90 40 20)
(-80 40 20)
(-70 40 20)
(-60 40 20)
(-50 40 20)
(-40 40 20)
(-30 40 20)
(-20 40 20)
(-10 40 20)
(0 40 20)
(10 40 20)
(20 40 20)
(30 40 20)
(40 40 20)
(50 40 20)
(60 40 20)
(70 40 20)
(80 40 20)
(90 40 20)
(100 40 20)
(-100 45 20)
(-90 45 20)
(-80 45 20)
(-70 45 20)
(-60 45 20)
(-50 45 20)
(-40 45 20)
(-30 45 20)
(-20 45 20)
(-10 45 20)
(0 45 20)
(10 45 20)
(20 45 20)
(30 45 20)
(40 45 20)
(50 45 20)
(60 45 20)
(70 45 20)
(80 45 20)
(90 45 20)
(100 45 20)
(-100 50 20)
(-90 50 20)
(-80 50 20)
(-70 50 20)
(-60 50 20)
(-50 50 20)
(-40 50 20)
(-30 50 20)
(-20 50 20)
(-10 50 20)
(0 50 20)
(10 50 20)
(20 50 20)
(30 50 20)
(40 50 20)
(50 50 20)
(60 50 20)
(70 50 20)
(80 50 20)
(90 50 20)
(100 50 20)
(-100 0 30)
(-90 0 30)
(-80 0 30)
(-70 0 30)
(-60 0 30)
(-50 0 30)
(-40 0 30)
(-30 0 30)
(-20 0 30)
(-10 0 30)
(0 0 30)
(10 0 30)
(20 0 30)
(30 0 30)
(40 0 30)
(50 0 30)
(60 0 30)
(70 0 30)
(80 0 30)
(90 0 30)
(100 0 30)
(-100 5 30)
(-90 5 30)
(-80 5 30)
(-70 5 30)
(-60 5 30)
(-50 5 30)
(-40 5 30)
(-30 5 30)
(-20 5 30)
(-10 5 30)
(0 5 30)
(10 5 30)
(20 5 30)
(30 5 30)
(40 5 30)
(50 5 30)
(60 5 30)
(70 5 30)
(80 5 30)
(90 5 30)
(100 5 30)
(-100 10 30)
(-90 10 30)
(-80 10 30)
(-70 10 30)
(-60 10 30)
(-50 10 30)
(-40 10 30)
(-30 10 30)
(-20 10 30)
(-10 10 30)
(0 10 30)
(10 10 30)
(20 10 30)
(30 10 30)
(40 10 30)
(50 10 30)
(60 10 30)
(70 10 30)
(80 10 30)
(90 10 30)
(100 10 30)
(-100 15 30)
(-90 15 30)
(-80 15 30)
(-70 15 30)
(-60 15 30)
(-50 15 30)
(-40 15 30)
(-30 15 30)
(-20 15 30)
(-10 15 30)
(0 15 30)
(10 15 30)
(20 15 30)
(30 15 30)
(40 15 30)
(50 15 30)
(60 15 30)
(70 15 30)
(80 15 30)
(90 15 30)
(100 15 30)
(-100 20 30)
(-90 20 30)
(-80 20 30)
(-70 20 30)
(-60 20 30)
(-50 20 30)
(-40 20 30)
(-30 20 30)
(-20 20 30)
(-10 20 30)
(0 20 30)
(10 20 30)
(20 20 30)
(30 20 30)
(40 20 30)
(50 20 30)
(60 20 30)
(70 20 30)
(80 20 30)
(90 20 30)
(100 20 30)
(-100 25 30)
(-90 25 30)
(-80 25 30)
(-70 25 30)
(-60 25 30)
(-50 25 30)
(-40 25 30)
(-30 25 30)
(-20 25 30)
(-10 25 30)
(0 25 30)
(10 25 30)
(20 25 30)
(30 25 30)
(40 25 30)
(50 25 30)
(60 25 30)
(70 25 30)
(80 25 30)
(90 25 30)
(100 25 30)
(-100 30 30)
(-90 30 30)
(-80 30 30)
(-70 30 30)
(-60 30 30)
(-50 30 30)
(-40 30 30)
(-30 30 30)
(-20 30 30)
(-10 30 30)
(0 30 30)
(10 30 30)
(20 30 30)
(30 30 30)
(40 30 30)
(50 30 30)
(60 30 30)
(70 30 30)
(80 30 30)
(90 30 30)
(100 30 30)
(-100 35 30)
(-90 35 30)
(-80 35 30)
(-70 35 30)
(-60 35 30)
(-50 35 30)
(-40 35 30)
(-30 35 30)
(-20 35 30)
(-10 35 30)
(0 35 30)
(10 35 30)
(20 35 30)
(30 35 30)
(40 35 30)
(50 35 30)
(60 35 30)
(70 35 30)
(80 35 30)
(90 35 30)
(100 35 30)
(-100 40 30)
(-90 40 30)
(-80 40 30)
(-70 40 30)
(-60 40 30)
(-50 40 30)
(-40 40 30)
(-30 40 30)
(-20 40 30)
(-10 40 30)
(0 40 30)
(10 40 30)
(20 40 30)
(30 40 30)
(40 40 30)
(50 40 30)
(60 40 30)
(70 40 30)
(80 40 30)
(90 40 30)
(100 40 30)
(-100 45 30)
(-90 45 30)
(-80 45 30)
(-70 45 30)
(-60 45 30)
(-50 45 30)
(-40 45 30)
(-30 45 30)
(-20 45 30)
(-10 45 30)
(0 45 30)
(10 45 30)
(20 45 30)
(30 45 30)
(40 45 30)
(50 45 30)
(60 45 30)
(70 45 30)
(80 45 30)
(90 45 30)
(100 45 30)
(-100 50 30)
(-90 50 30)
(-80 50 30)
(-70 50 30)
(-60 50 30)
(-50 50 30)
(-40 50 30)
(-30 50 30)
(-20 50 30)
(-10 50 30)
(0 50 30)
(10 50 30)
(20 50 30)
(30 50 30)
(40 50 30)
(50 50 30)
(60 50 30)
(70 50 30)
(80 50 30)
(90 50 30)
(100 50 30)
(-100 0 40)
(-90 0 40)
(-80 0 40)
(-70 0 40)
(-60 0 40)
(-50 0 40)
(-40 0 40)
(-30 0 40)
(-20 0 40)
(-10 0 40)
(0 0 40)
(10 0 40)
(20 0 40)
(30 0 40)
(40 0 40)
(50 0 40)
(60 0 40)
(70 0 40)
(80 0 40)
(90 0 40)
(100 0 40)
(-100 5 40)
(-90 5 40)
(-80 5 40)
(-70 5 40)
(-60 5 40)
(-50 5 40)
(-40 5 40)
(-30 5 40)
(-20 5 40)
(-10 5 40)
(0 5 40)
(10 5 40)
(20 5 40)
(30 5 40)
(40 5 40)
(50 5 40)
(60 5 40)
(70 5 40)
(80 5 40)
(90 5 40)
(100 5 40)
(-100 10 40)
(-90 10 40)
(-80 10 40)
(-70 10 40)
(-60 10 40)
(-50 10 40)
(-40 10 40)
(-30 10 40)
(-20 10 40)
(-10 10 40)
(0 10 40)
(10 10 40)
(20 10 40)
(30 10 40)
(40 10 40)
(50 10 40)
(60 10 40)
(70 10 40)
(80 10 40)
(90 10 40)
(100 10 40)
(-100 15 40)
(-90 15 40)
(-80 15 40)
(-70 15 40)
(-60 15 40)
(-50 15 40)
(-40 15 40)
(-30 15 40)
(-20 15 40)
(-10 15 40)
(0 15 40)
(10 15 40)
(20 15 40)
(30 15 40)
(40 15 40)
(50 15 40)
(60 15 40)
(70 15 40)
(80 15 40)
(90 15 40)
(100 15 40)
(-100 20 40)
(-90 20 40)
(-80 20 40)
(-70 20 40)
(-60 20 40)
(-50 20 40)
(-40 20 40)
(-30 20 40)
(-20 20 40)
(-10 20 40)
(0 20 40)
(10 20 40)
(20 20 40)
(30 20 40)
(40 20 40)
(50 20 40)
(60 20 40)
(70 20 40)
(80 20 40)
(90 20 40)
(100 20 40)
(-100 25 40)
(-90 25 40)
(-80 25 40)
(-70 25 40)
(-60 25 40)
(-50 25 40)
(-40 25 40)
(-30 25 40)
(-20 25 40)
(-10 25 40)
(0 25 40)
(10 25 40)
(20 25 40)
(30 25 40)
(40 25 40)
(50 25 40)
(60 25 40)
(70 25 40)
(80 25 40)
(90 25 40)
(100 25 40)
(-100 30 40)
(-90 30 40)
(-80 30 40)
(-70 30 40)
(-60 30 40)
(-50 30 40)
(-40 30 40)
(-30 30 40)
(-20 30 40)
(-10 30 40)
(0 30 40)
(10 30 40)
(20 30 40)
(30 30 40)
(40 30 40)
(50 30 40)
(60 30 40)
(70 30 40)
(80 30 40)
(90 30 40)
(100 30 40)
(-100 35 40)
(-90 35 40)
(-80 35 40)
(-70 35 40)
(-60 35 40)
(-50 35 40)
(-40 35 40)
(-30 35 40)
(-20 35 40)
(-10 35 40)
(0 35 40)
(10 35 40)
(20 35 40)
(30 35 40)
(40 35 40)
(50 35 40)
(60 35 40)
(70 35 40)
(80 35 40)
(90 35 40)
(100 35 40)
(-100 40 40)
(-90 40 40)
(-80 40 40)
(-70 40 40)
(-60 40 40)
(-50 40 40)
(-40 40 40)
(-30 40 40)
(-20 40 40)
(-10 40 40)
(0 40 40)
(10 40 40)
(20 40 40)
(30 40 40)
(40 40 40)
(50 40 40)
(60 40 40)
(70 40 40)
(80 40 40)
(90 40 40)
(100 40 40)
(-100 45 40)
(-90 45 40)
(-80 45 40)
(-70 45 40)
(-60 45 40)
(-50 45 40)
(-40 45 40)
(-30 45 40)
(-20 45 40)
(-10 45 40)
(0 45 40)
(10 45 40)
(20 45 40)
(30 45 40)
(40 45 40)
(50 45 40)
(60 45 40)
(70 45 40)
(80 45 40)
(90 45 40)
(100 45 40)
(-100 50 40)
(-90 50 40)
(-80 50 40)
(-70 50 40)
(-60 50 40)
(-50 50 40)
(-40 50 40)
(-30 50 40)
(-20 50 40)
(-10 50 40)
(0 50 40)
(10 50 40)
(20 50 40)
(30 50 40)
(40 50 40)
(50 50 40)
(60 50 40)
(70 50 40)
(80 50 40)
(90 50 40)
(100 50 40)
(-100 0 50)
(-90 0 50)
(-80 0 50)
(-70 0 50)
(-60 0 50)
(-50 0 50)
(-40 0 50)
(-30 0 50)
(-20 0 50)
(-10 0 50)
(0 0 50)
(10 0 50)
(20 0 50)
(30 0 50)
(40 0 50)
(50 0 50)
(60 0 50)
(70 0 50)
(80 0 50)
(90 0 50)
(100 0 50)
(-100 5 50)
(-90 5 50)
(-80 5 50)
(-70 5 50)
(-60 5 50)
(-50 5 50)
(-40 5 50)
(-30 5 50)
(-20 5 50)
(-10 5 50)
(0 5 50)
(10 5 50)
(20 5 50)
(30 5 50)
(40 5 50)
(50 5 50)
(60 5 50)
(70 5 50)
(80 5 50)
(90 5 50)
(100 5 50)
(-100 10 50)
(-90 10 50)
(-80 10 50)
(-70 10 50)
(-60 10 50)
(-50 10 50)
(-40 10 50)
(-30 10 50)
(-20 10 50)
(-10 10 50)
(0 10 50)
(10 10 50)
(20 10 50)
(30 10 50)
(40 10 50)
(50 10 50)
(60 10 50)
(70 10 50)
(80 10 50)
(90 10 50)
(100 10 50)
(-100 15 50)
(-90 15 50)
(-80 15 50)
(-70 15 50)
(-60 15 50)
(-50 15 50)
(-40 15 50)
(-30 15 50)
(-20 15 50)
(-10 15 50)
(0 15 50)
(10 15 50)
(20 15 50)
(30 15 50)
(40 15 50)
(50 15 50)
(60 15 50)
(70 15 50)
(80 15 50)
(90 15 50)
(100 15 50)
(-100 20 50)
(-90 20 50)
(-80 20 50)
(-70 20 50)
(-60 20 50)
(-50 20 50)
(-40 20 50)
(-30 20 50)
(-20 20 50)
(-10 20 50)
(0 20 50)
(10 20 50)
(20 20 50)
(30 20 50)
(40 20 50)
(50 20 50)
(60 20 50)
(70 20 50)
(80 20 50)
(90 20 50)
(100 20 50)
(-100 25 50)
(-90 25 50)
(-80 25 50)
(-70 25 50)
(-60 25 50)
(-50 25 50)
(-40 25 50)
(-30 25 50)
(-20 25 50)
(-10 25 50)
(0 25 50)
(10 25 50)
(20 25 50)
(30 25 50)
(40 25 50)
(50 25 50)
(60 25 50)
(70 25 50)
(80 25 50)
(90 25 50)
(100 25 50)
(-100 30 50)
(-90 30 50)
(-80 30 50)
(-70 30 50)
(-60 30 50)
(-50 30 50)
(-40 30 50)
(-30 30 50)
(-20 30 50)
(-10 30 50)
(0 30 50)
(10 30 50)
(20 30 50)
(30 30 50)
(40 30 50)
(50 30 50)
(60 30 50)
(70 30 50)
(80 30 50)
(90 30 50)
(100 30 50)
(-100 35 50)
(-90 35 50)
(-80 35 50)
(-70 35 50)
(-60 35 50)
(-50 35 50)
(-40 35 50)
(-30 35 50)
(-20 35 50)
(-10 35 50)
(0 35 50)
(10 35 50)
(20 35 50)
(30 35 50)
(40 35 50)
(50 35 50)
(60 35 50)
(70 35 50)
(80 35 50)
(90 35 50)
(100 35 50)
(-100 40 50)
(-90 40 50)
(-80 40 50)
(-70 40 50)
(-60 40 50)
(-50 40 50)
(-40 40 50)
(-30 40 50)
(-20 40 50)
(-10 40 50)
(0 40 50)
(10 40 50)
(20 40 50)
(30 40 50)
(40 40 50)
(50 40 50)
(60 40 50)
(70 40 50)
(80 40 50)
(90 40 50)
(100 40 50)
(-100 45 50)
(-90 45 50)
(-80 45 50)
(-70 45 50)
(-60 45 50)
(-50 45 50)
(-40 45 50)
(-30 45 50)
(-20 45 50)
(-10 45 50)
(0 45 50)
(10 45 50)
(20 45 50)
(30 45 50)
(40 45 50)
(50 45 50)
(60 45 50)
(70 45 50)
(80 45 50)
(90 45 50)
(100 45 50)
(-100 50 50)
(-90 50 50)
(-80 50 50)
(-70 50 50)
(-60 50 50)
(-50 50 50)
(-40 50 50)
(-30 50 50)
(-20 50 50)
(-10 50 50)
(0 50 50)
(10 50 50)
(20 50 50)
(30 50 50)
(40 50 50)
(50 50 50)
(60 50 50)
(70 50 50)
(80 50 50)
(90 50 50)
(100 50 50)
(-100 0 60)
(-90 0 60)
(-80 0 60)
(-70 0 60)
(-60 0 60)
(-50 0 60)
(-40 0 60)
(-30 0 60)
(-20 0 60)
(-10 0 60)
(0 0 60)
(10 0 60)
(20 0 60)
(30 0 60)
(40 0 60)
(50 0 60)
(60 0 60)
(70 0 60)
(80 0 60)
(90 0 60)
(100 0 60)
(-100 5 60)
(-90 5 60)
(-80 5 60)
(-70 5 60)
(-60 5 60)
(-50 5 60)
(-40 5 60)
(-30 5 60)
(-20 5 60)
(-10 5 60)
(0 5 60)
(10 5 60)
(20 5 60)
(30 5 60)
(40 5 60)
(50 5 60)
(60 5 60)
(70 5 60)
(80 5 60)
(90 5 60)
(100 5 60)
(-100 10 60)
(-90 10 60)
(-80 10 60)
(-70 10 60)
(-60 10 60)
(-50 10 60)
(-40 10 60)
(-30 10 60)
(-20 10 60)
(-10 10 60)
(0 10 60)
(10 10 60)
(20 10 60)
(30 10 60)
(40 10 60)
(50 10 60)
(60 10 60)
(70 10 60)
(80 10 60)
(90 10 60)
(100 10 60)
(-100 15 60)
(-90 15 60)
(-80 15 60)
(-70 15 60)
(-60 15 60)
(-50 15 60)
(-40 15 60)
(-30 15 60)
(-20 15 60)
(-10 15 60)
(0 15 60)
(10 15 60)
(20 15 60)
(30 15 60)
(40 15 60)
(50 15 60)
(60 15 60)
(70 15 60)
(80 15 60)
(90 15 60)
(100 15 60)
(-100 20 60)
(-90 20 60)
(-80 20 60)
(-70 20 60)
(-60 20 60)
(-50 20 60)
(-40 20 60)
(-30 20 60)
(-20 20 60)
(-10 20 60)
(0 20 60)
(10 20 60)
(20 20 60)
(30 20 60)
(40 20 60)
(50 20 60)
(60 20 60)
(70 20 60)
(80 20 60)
(90 20 60)
(100 20 60)
(-100 25 60)
(-90 25 60)
(-80 25 60)
(-70 25 60)
(-60 25 60)
(-50 25 60)
(-40 25 60)
(-30 25 60)
(-20 25 60)
(-10 25 60)
(0 25 60)
(10 25 60)
(20 25 60)
(30 25 60)
(40 25 60)
(50 25 60)
(60 25 60)
(70 25 60)
(80 25 60)
(90 25 60)
(100 25 60)
(-100 30 60)
(-90 30 60)
(-80 30 60)
(-70 30 60)
(-60 30 60)
(-50 30 60)
(-40 30 60)
(-30 30 60)
(-20 30 60)
(-10 30 60)
(0 30 60)
(10 30 60)
(20 30 60)
(30 30 60)
(40 30 60)
(50 30 60)
(60 30 60)
(70 30 60)
(80 30 60)
(90 30 60)
(100 30 60)
(-100 35 60)
(-90 35 60)
(-80 35 60)
(-70 35 60)
(-60 35 60)
(-50 35 60)
(-40 35 60)
(-30 35 60)
(-20 35 60)
(-10 35 60)
(0 35 60)
(10 35 60)
(20 35 60)
(30 35 60)
(40 35 60)
(50 35 60)
(60 35 60)
(70 35 60)
(80 35 60)
(90 35 60)
(100 35 60)
(-100 40 60)
(-90 40 60)
(-80 40 60)
(-70 40 60)
(-60 40 60)
(-50 40 60)
(-40 40 60)
(-30 40 60)
(-20 40 60)
(-10 40 60)
(0 40 60)
(10 40 60)
(20 40 60)
(30 40 60)
(40 40 60)
(50 40 60)
(60 40 60)
(70 40 60)
(80 40 60)
(90 40 60)
(100 40 60)
(-100 45 60)
(-90 45 60)
(-80 45 60)
(-70 45 60)
(-60 45 60)
(-50 45 60)
(-40 45 60)
(-30 45 60)
(-20 45 60)
(-10 45 60)
(0 45 60)
(10 45 60)
(20 45 60)
(30 45 60)
(40 45 60)
(50 45 60)
(60 45 60)
(70 45 60)
(80 45 60)
(90 45 60)
(100 45 60)
(-100 50 60)
(-90 50 60)
(-80 50 60)
(-70 50 60)
(-60 50 60)
(-50 50 60)
(-40 50 60)
(-30 50 60)
(-20 50 60)
(-10 50 60)
(0 50 60)
(10 50 60)
(20 50 60)
(30 50 60)
(40 50 60)
(50 50 60)
(60 50 60)
(70 50 60)
(80 50 60)
(90 50 60)
(100 50 60)
(-100 0 70)
(-90 0 70)
(-80 0 70)
(-70 0 70)
(-60 0 70)
(-50 0 70)
(-40 0 70)
(-30 0 70)
(-20 0 70)
(-10 0 70)
(0 0 70)
(10 0 70)
(20 0 70)
(30 0 70)
(40 0 70)
(50 0 70)
(60 0 70)
(70 0 70)
(80 0 70)
(90 0 70)
(100 0 70)
(-100 5 70)
(-90 5 70)
(-80 5 70)
(-70 5 70)
(-60 5 70)
(-50 5 70)
(-40 5 70)
(-30 5 70)
(-20 5 70)
(-10 5 70)
(0 5 70)
(10 5 70)
(20 5 70)
(30 5 70)
(40 5 70)
(50 5 70)
(60 5 70)
(70 5 70)
(80 5 70)
(90 5 70)
(100 5 70)
(-100 10 70)
(-90 10 70)
(-80 10 70)
(-70 10 70)
(-60 10 70)
(-50 10 70)
(-40 10 70)
(-30 10 70)
(-20 10 70)
(-10 10 70)
(0 10 70)
(10 10 70)
(20 10 70)
(30 10 70)
(40 10 70)
(50 10 70)
(60 10 70)
(70 10 70)
(80 10 70)
(90 10 70)
(100 10 70)
(-100 15 70)
(-90 15 70)
(-80 15 70)
(-70 15 70)
(-60 15 70)
(-50 15 70)
(-40 15 70)
(-30 15 70)
(-20 15 70)
(-10 15 70)
(0 15 70)
(10 15 70)
(20 15 70)
(30 15 70)
(40 15 70)
(50 15 70)
(60 15 70)
(70 15 70)
(80 15 70)
(90 15 70)
(100 15 70)
(-100 20 70)
(-90 20 70)
(-80 20 70)
(-70 20 70)
(-60 20 70)
(-50 20 70)
(-40 20 70)
(-30 20 70)
(-20 20 70)
(-10 20 70)
(0 20 70)
(10 20 70)
(20 20 70)
(30 20 70)
(40 20 70)
(50 20 70)
(60 20 70)
(70 20 70)
(80 20 70)
(90 20 70)
(100 20 70)
(-100 25 70)
(-90 25 70)
(-80 25 70)
(-70 25 70)
(-60 25 70)
(-50 25 70)
(-40 25 70)
(-30 25 70)
(-20 25 70)
(-10 25 70)
(0 25 70)
(10 25 70)
(20 25 70)
(30 25 70)
(40 25 70)
(50 25 70)
(60 25 70)
(70 25 70)
(80 25 70)
(90 25 70)
(100 25 70)
(-100 30 70)
(-90 30 70)
(-80 30 70)
(-70 30 70)
(-60 30 70)
(-50 30 70)
(-40 30 70)
(-30 30 70)
(-20 30 70)
(-10 30 70)
(0 30 70)
(10 30 70)
(20 30 70)
(30 30 70)
(40 30 70)
(50 30 70)
(60 30 70)
(70 30 70)
(80 30 70)
(90 30 70)
(100 30 70)
(-100 35 70)
(-90 35 70)
(-80 35 70)
(-70 35 70)
(-60 35 70)
(-50 35 70)
(-40 35 70)
(-30 35 70)
(-20 35 70)
(-10 35 70)
(0 35 70)
(10 35 70)
(20 35 70)
(30 35 70)
(40 35 70)
(50 35 70)
(60 35 70)
(70 35 70)
(80 35 70)
(90 35 70)
(100 35 70)
(-100 40 70)
(-90 40 70)
(-80 40 70)
(-70 40 70)
(-60 40 70)
(-50 40 70)
(-40 40 70)
(-30 40 70)
(-20 40 70)
(-10 40 70)
(0 40 70)
(10 40 70)
(20 40 70)
(30 40 70)
(40 40 70)
(50 40 70)
(60 40 70)
(70 40 70)
(80 40 70)
(90 40 70)
(100 40 70)
(-100 45 70)
(-90 45 70)
(-80 45 70)
(-70 45 70)
(-60 45 70)
(-50 45 70)
(-40 45 70)
(-30 45 70)
(-20 45 70)
(-10 45 70)
(0 45 70)
(10 45 70)
(20 45 70)
(30 45 70)
(40 45 70)
(50 45 70)
(60 45 70)
(70 45 70)
(80 45 70)
(90 45 70)
(100 45 70)
(-100 50 70)
(-90 50 70)
(-80 50 70)
(-70 50 70)
(-60 50 70)
(-50 50 70)
(-40 50 70)
(-30 50 70)
(-20 50 70)
(-10 50 70)
(0 50 70)
(10 50 70)
(20 50 70)
(30 50 70)
(40 50 70)
(50 50 70)
(60 50 70)
(70 50 70)
(80 50 70)
(90 50 70)
(100 50 70)
(-100 0 80)
(-90 0 80)
(-80 0 80)
(-70 0 80)
(-60 0 80)
(-50 0 80)
(-40 0 80)
(-30 0 80)
(-20 0 80)
(-10 0 80)
(0 0 80)
(10 0 80)
(20 0 80)
(30 0 80)
(40 0 80)
(50 0 80)
(60 0 80)
(70 0 80)
(80 0 80)
(90 0 80)
(100 0 80)
(-100 5 80)
(-90 5 80)
(-80 5 80)
(-70 5 80)
(-60 5 80)
(-50 5 80)
(-40 5 80)
(-30 5 80)
(-20 5 80)
(-10 5 80)
(0 5 80)
(10 5 80)
(20 5 80)
(30 5 80)
(40 5 80)
(50 5 80)
(60 5 80)
(70 5 80)
(80 5 80)
(90 5 80)
(100 5 80)
(-100 10 80)
(-90 10 80)
(-80 10 80)
(-70 10 80)
(-60 10 80)
(-50 10 80)
(-40 10 80)
(-30 10 80)
(-20 10 80)
(-10 10 80)
(0 10 80)
(10 10 80)
(20 10 80)
(30 10 80)
(40 10 80)
(50 10 80)
(60 10 80)
(70 10 80)
(80 10 80)
(90 10 80)
(100 10 80)
(-100 15 80)
(-90 15 80)
(-80 15 80)
(-70 15 80)
(-60 15 80)
(-50 15 80)
(-40 15 80)
(-30 15 80)
(-20 15 80)
(-10 15 80)
(0 15 80)
(10 15 80)
(20 15 80)
(30 15 80)
(40 15 80)
(50 15 80)
(60 15 80)
(70 15 80)
(80 15 80)
(90 15 80)
(100 15 80)
(-100 20 80)
(-90 20 80)
(-80 20 80)
(-70 20 80)
(-60 20 80)
(-50 20 80)
(-40 20 80)
(-30 20 80)
(-20 20 80)
(-10 20 80)
(0 20 80)
(10 20 80)
(20 20 80)
(30 20 80)
(40 20 80)
(50 20 80)
(60 20 80)
(70 20 80)
(80 20 80)
(90 20 80)
(100 20 80)
(-100 25 80)
(-90 25 80)
(-80 25 80)
(-70 25 80)
(-60 25 80)
(-50 25 80)
(-40 25 80)
(-30 25 80)
(-20 25 80)
(-10 25 80)
(0 25 80)
(10 25 80)
(20 25 80)
(30 25 80)
(40 25 80)
(50 25 80)
(60 25 80)
(70 25 80)
(80 25 80)
(90 25 80)
(100 25 80)
(-100 30 80)
(-90 30 80)
(-80 30 80)
(-70 30 80)
(-60 30 80)
(-50 30 80)
(-40 30 80)
(-30 30 80)
(-20 30 80)
(-10 30 80)
(0 30 80)
(10 30 80)
(20 30 80)
(30 30 80)
(40 30 80)
(50 30 80)
(60 30 80)
(70 30 80)
(80 30 80)
(90 30 80)
(100 30 80)
(-100 35 80)
(-90 35 80)
(-80 35 80)
(-70 35 80)
(-60 35 80)
(-50 35 80)
(-40 35 80)
(-30 35 80)
(-20 35 80)
(-10 35 80)
(0 35 80)
(10 35 80)
(20 35 80)
(30 35 80)
(40 35 80)
(50 35 80)
(60 35 80)
(70 35 80)
(80 35 80)
(90 35 80)
(100 35 80)
(-100 40 80)
(-90 40 80)
(-80 40 80)
(-70 40 80)
(-60 40 80)
(-50 40 80)
(-40 40 80)
(-30 40 80)
(-20 40 80)
(-10 40 80)
(0 40 80)
(10 40 80)
(20 40 80)
(30 40 80)
(40 40 80)
(50 40 80)
(60 40 80)
(70 40 80)
(80 40 80)
(90 40 80)
(100 40 80)
(-100 45 80)
(-90 45 80)
(-80 45 80)
(-70 45 80)
(-60 45 80)
(-50 45 80)
(-40 45 80)
(-30 45 80)
(-20 45 80)
(-10 45 80)
(0 45 80)
(10 45 80)
(20 45 80)
(30 45 80)
(40 45 80)
(50 45 80)
(60 45 80)
(70 45 80)
(80 45 80)
(90 45 80)
(100 45 80)
(-100 50 80)
(-90 50 80)
(-80 50 80)
(-70 50 80)
(-60 50 80)
(-50 50 80)
(-40 50 80)
(-30 50 80)
(-20 50 80)
(-10 50 80)
(0 50 80)
(10 50 80)
(20 50 80)
(30 50 80)
(40 50 80)
(50 50 80)
(60 50 80)
(70 50 80)
(80 50 80)
(90 50 80)
(100 50 80)
(-100 0 90)
(-90 0 90)
(-80 0 90)
(-70 0 90)
(-60 0 90)
(-50 0 90)
(-40 0 90)
(-30 0 90)
(-20 0 90)
(-10 0 90)
(0 0 90)
(10 0 90)
(20 0 90)
(30 0 90)
(40 0 90)
(50 0 90)
(60 0 90)
(70 0 90)
(80 0 90)
(90 0 90)
(100 0 90)
(-100 5 90)
(-90 5 90)
(-80 5 90)
(-70 5 90)
(-60 5 90)
(-50 5 90)
(-40 5 90)
(-30 5 90)
(-20 5 90)
(-10 5 90)
(0 5 90)
(10 5 90)
(20 5 90)
(30 5 90)
(40 5 90)
(50 5 90)
(60 5 90)
(70 5 90)
(80 5 90)
(90 5 90)
(100 5 90)
(-100 10 90)
(-90 10 90)
(-80 10 90)
(-70 10 90)
(-60 10 90)
(-50 10 90)
(-40 10 90)
(-30 10 90)
(-20 10 90)
(-10 10 90)
(0 10 90)
(10 10 90)
(20 10 90)
(30 10 90)
(40 10 90)
(50 10 90)
(60 10 90)
(70 10 90)
(80 10 90)
(90 10 90)
(100 10 90)
(-100 15 90)
(-90 15 90)
(-80 15 90)
(-70 15 90)
(-60 15 90)
(-50 15 90)
(-40 15 90)
(-30 15 90)
(-20 15 90)
(-10 15 90)
(0 15 90)
(10 15 90)
(20 15 90)
(30 15 90)
(40 15 90)
(50 15 90)
(60 15 90)
(70 15 90)
(80 15 90)
(90 15 90)
(100 15 90)
(-100 20 90)
(-90 20 90)
(-80 20 90)
(-70 20 90)
(-60 20 90)
(-50 20 90)
(-40 20 90)
(-30 20 90)
(-20 20 90)
(-10 20 90)
(0 20 90)
(10 20 90)
(20 20 90)
(30 20 90)
(40 20 90)
(50 20 90)
(60 20 90)
(70 20 90)
(80 20 90)
(90 20 90)
(100 20 90)
(-100 25 90)
(-90 25 90)
(-80 25 90)
(-70 25 90)
(-60 25 90)
(-50 25 90)
(-40 25 90)
(-30 25 90)
(-20 25 90)
(-10 25 90)
(0 25 90)
(10 25 90)
(20 25 90)
(30 25 90)
(40 25 90)
(50 25 90)
(60 25 90)
(70 25 90)
(80 25 90)
(90 25 90)
(100 25 90)
(-100 30 90)
(-90 30 90)
(-80 30 90)
(-70 30 90)
(-60 30 90)
(-50 30 90)
(-40 30 90)
(-30 30 90)
(-20 30 90)
(-10 30 90)
(0 30 90)
(10 30 90)
(20 30 90)
(30 30 90)
(40 30 90)
(50 30 90)
(60 30 90)
(70 30 90)
(80 30 90)
(90 30 90)
(100 30 90)
(-100 35 90)
(-90 35 90)
(-80 35 90)
(-70 35 90)
(-60 35 90)
(-50 35 90)
(-40 35 90)
(-30 35 90)
(-20 35 90)
(-10 35 90)
(0 35 90)
(10 35 90)
(20 35 90)
(30 35 90)
(40 35 90)
(50 35 90)
(60 35 90)
(70 35 90)
(80 35 90)
(90 35 90)
(100 35 90)
(-100 40 90)
(-90 40 90)
(-80 40 90)
(-70 40 90)
(-60 40 90)
(-50 40 90)
(-40 40 90)
(-30 40 90)
(-20 40 90)
(-10 40 90)
(0 40 90)
(10 40 90)
(20 40 90)
(30 40 90)
(40 40 90)
(50 40 90)
(60 40 90)
(70 40 90)
(80 40 90)
(90 40 90)
(100 40 90)
(-100 45 90)
(-90 45 90)
(-80 45 90)
(-70 45 90)
(-60 45 90)
(-50 45 90)
(-40 45 90)
(-30 45 90)
(-20 45 90)
(-10 45 90)
(0 45 90)
(10 45 90)
(20 45 90)
(30 45 90)
(40 45 90)
(50 45 90)
(60 45 90)
(70 45 90)
(80 45 90)
(90 45 90)
(100 45 90)
(-100 50 90)
(-90 50 90)
(-80 50 90)
(-70 50 90)
(-60 50 90)
(-50 50 90)
(-40 50 90)
(-30 50 90)
(-20 50 90)
(-10 50 90)
(0 50 90)
(10 50 90)
(20 50 90)
(30 50 90)
(40 50 90)
(50 50 90)
(60 50 90)
(70 50 90)
(80 50 90)
(90 50 90)
(100 50 90)
(-100 0 100)
(-90 0 100)
(-80 0 100)
(-70 0 100)
(-60 0 100)
(-50 0 100)
(-40 0 100)
(-30 0 100)
(-20 0 100)
(-10 0 100)
(0 0 100)
(10 0 100)
(20 0 100)
(30 0 100)
(40 0 100)
(50 0 100)
(60 0 100)
(70 0 100)
(80 0 100)
(90 0 100)
(100 0 100)
(-100 5 100)
(-90 5 100)
(-80 5 100)
(-70 5 100)
(-60 5 100)
(-50 5 100)
(-40 5 100)
(-30 5 100)
(-20 5 100)
(-10 5 100)
(0 5 100)
(10 5 100)
(20 5 100)
(30 5 100)
(40 5 100)
(50 5 100)
(60 5 100)
(70 5 100)
(80 5 100)
(90 5 100)
(100 5 100)
(-100 10 100)
(-90 10 100)
(-80 10 100)
(-70 10 100)
(-60 10 100)
(-50 10 100)
(-40 10 100)
(-30 10 100)
(-20 10 100)
(-10 10 100)
(0 10 100)
(10 10 100)
(20 10 100)
(30 10 100)
(40 10 100)
(50 10 100)
(60 10 100)
(70 10 100)
(80 10 100)
(90 10 100)
(100 10 100)
(-100 15 100)
(-90 15 100)
(-80 15 100)
(-70 15 100)
(-60 15 100)
(-50 15 100)
(-40 15 100)
(-30 15 100)
(-20 15 100)
(-10 15 100)
(0 15 100)
(10 15 100)
(20 15 100)
(30 15 100)
(40 15 100)
(50 15 100)
(60 15 100)
(70 15 100)
(80 15 100)
(90 15 100)
(100 15 100)
(-100 20 100)
(-90 20 100)
(-80 20 100)
(-70 20 100)
(-60 20 100)
(-50 20 100)
(-40 20 100)
(-30 20 100)
(-20 20 100)
(-10 20 100)
(0 20 100)
(10 20 100)
(20 20 100)
(30 20 100)
(40 20 100)
(50 20 100)
(60 20 100)
(70 20 100)
(80 20 100)
(90 20 100)
(100 20 100)
(-100 25 100)
(-90 25 100)
(-80 25 100)
(-70 25 100)
(-60 25 100)
(-50 25 100)
(-40 25 100)
(-30 25 100)
(-20 25 100)
(-10 25 100)
(0 25 100)
(10 25 100)
(20 25 100)
(30 25 100)
(40 25 100)
(50 25 100)
(60 25 100)
(70 25 100)
(80 25 100)
(90 25 100)
(100 25 100)
(-100 30 100)
(-90 30 100)
(-80 30 100)
(-70 30 100)
(-60 30 100)
(-50 30 100)
(-40 30 100)
(-30 30 100)
(-20 30 100)
(-10 30 100)
(0 30 100)
(10 30 100)
(20 30 100)
(30 30 100)
(40 30 100)
(50 30 100)
(60 30 100)
(70 30 100)
(80 30 100)
(90 30 100)
(100 30 100)
(-100 35 100)
(-90 35 100)
(-80 35 100)
(-70 35 100)
(-60 35 100)
(-50 35 100)
(-40 35 100)
(-30 35 100)
(-20 35 100)
(-10 35 100)
(0 35 100)
(10 35 100)
(20 35 100)
(30 35 100)
(40 35 100)
(50 35 100)
(60 35 100)
(70 35 100)
(80 35 100)
(90 35 100)
(100 35 100)
(-100 40 100)
(-90 40 100)
(-80 40 100)
(-70 40 100)
(-60 40 100)
(-50 40 100)
(-40 40 100)
(-30 40 100)
(-20 40 100)
(-10 40 100)
(0 40 100)
(10 40 100)
(20 40 100)
(30 40 100)
(40 40 100)
(50 40 100)
(60 40 100)
(70 40 100)
(80 40 100)
(90 40 100)
(100 40 100)
(-100 45 100)
(-90 45 100)
(-80 45 100)
(-70 45 100)
(-60 45 100)
(-50 45 100)
(-40 45 100)
(-30 45 100)
(-20 45 100)
(-10 45 100)
(0 45 100)
(10 45 100)
(20 45 100)
(30 45 100)
(40 45 100)
(50 45 100)
(60 45 100)
(70 45 100)
(80 45 100)
(90 45 100)
(100 45 100)
(-100 50 100)
(-90 50 100)
(-80 50 100)
(-70 50 100)
(-60 50 100)
(-50 50 100)
(-40 50 100)
(-30 50 100)
(-20 50 100)
(-10 50 100)
(0 50 100)
(10 50 100)
(20 50 100)
(30 50 100)
(40 50 100)
(50 50 100)
(60 50 100)
(70 50 100)
(80 50 100)
(90 50 100)
(100 50 100)
)


// ************************************************************************* //
